#Landtype0#
 #2 4 6 8 10 12 14 16 18 20 22 24 26 28 30 32 34 36 38 40 42 44 46 48 50 52 54 56 58 60 62 64 66 68 70 72 74 76 78 80 82 84 86 88 90 92 94 96 98 100 102 104 106 108 110 112 114 116 118 120 122 124 126 128 130 132 134 136 138 140 142 144 146 148 150 152 154 156 158 160 162 164 166 168 170 172 174 176 178 180 182 184 186 188 190 192 194 196 198 200 202 204 206 208 210 212 214 216 218 220 222 224 226 228 230 232 234 236 238 240 242 244 246 248 250 252 254 256 258 260 262 264 266 268 270 272 274 276 278 280 282 284 286 288 290 292 294 296 298 300#
#whiteoak# 1 2 2.5 3 4 4.5 5 6 7 8 8.5 9 10 11 12 12.5 13 14 15 16 16.5 17 18 19 20 21 22 23 24 25 26 27 28 29 30 31 32 33 34 35 36 37 38 39 40 41 42 43 44 45 46 47 48 49 50 50.5 51 51.5 52 52.5 53 53.5 54 54.5 55 55.5 56 56.5 57 57.5 58 58.5 59 59.5 60 60.5 61 61.5 62 62.3 62.6 62.9 63.2 63.5 63.8 64.1 64.4 64.7 65 65.3 65.6 65.9 66.2 66.5 66.8 67.1 67.4 67.7 68 68.2 68.4 68.6 68.8 69 69.2 69.4 69.6 69.8 70 70.2 70.4 70.6 70.8 71 71.2 71.4 71.6 71.8 72 72.2 72.4 72.6 72.8 73 73.1 73.2 73.3 73.4 73.5 73.6 73.7 73.8 73.9 74 74.1 74.2 74.3 74.4 74.5 74.6 74.7 74.8 74.9 75 75 75 75 75 75 75
#ShortPine# 1 2 2.5 3 4 4.5 5 5.5 6 7 7.5 8 9 10 11 11.5 12 12.5 13 14 14.5 15 15.5 16 17 18 19 20 21 22 22.5 23 24 25 26 26.5 27 27.5 28 29 30 31 32 33 34 35 36 37 38 39 40 41 42 43 44 44.5 45 45.5 46 46.5 47 47.5 48 49 50 50.5 51 51.5 52 53 53.5 54 54.5 55 56 56.5 57 57.5 58 59 59.5 60 60.5 61 61.5 62 62.5 63 63.5 64 64.5 65 65.5 66 66.5 67 67.5 68 68.5 70 
#Blackoak# 1 2 2.5 3 4 4.5 5 5.5 6 7 7.5 8 9 10 11 11.5 12 12.5 13 14 14.5 15 15.5 16 17 18 19 20 21 22 22.5 23 24 25 26 27 28 29 30 31 32 33 34 35 36 37 38 39 40 41 42 43 44 45 46 47 49 50 51 52 52.5 53 54 55.5 56 56.5 57 57.5 58 58.5 59 59.5 59.8 60 60 
#PostOak# 1 2 2.5 3 4 4.5 5 6 7 8 8.5 9 10 11 12 12.5 13 14 15 16 16.5 17 18 19 20 20.5 21 22 23 24 25 25.5 26 26.5 27 27.5 28 29 30 31 32 33 34 35 36 37 38 39 39.5 40 40.5 41 41.5 42 43 44 45 46 47 48 48.5 49 49.5 50 51 51.5 52 52.5 53 53.5 54 54.5 55 55.5 56 56.5 57 57.5 58 58.5 59 59.5 60 60.5 61 61.3 61.6 61.9 62.2 62.5 62.8 63.1 63.4 63.7 64 64.2 64.4 64.6 64.8 65 65.2 65.4 65.6 65.8 66 66.2 66.4 66.6 66.8 67 67.2 67.4 67.6 67.8 68 68.2 68.4 68.6 68.8 69 69.2 69.4 69.6 69.8 70 
#ScarletOak# 1 2 2.5 3 4 4.5 5 5.5 6 7 7.5 8 9 10 11 11.5 12 12.5 13 14 14.5 15 15.5 16 17 18 19 20 21 22 22.5 23 24 25 26 27 28 29 30 31 32 33 34 35 36 37 38 39 40 41 42 43 44 45 46 47 49 50 51 52 52.5 53 54 55.5 56 56.5 57 57.5 58 58.5 59 59.5 59.8 60 60 
#RedCedar# 1 2 2.5 3 4 5 6 7 8 9 9.5 10 11 12 13 13.5 14 15 16 17 18 19 20 21 22 23 24 25 26 27 28 29 30 31 31.5 32 33 34 35 36 36.5 37 37.5 38 38.5 39 39.5 40 40.5 41 41.5 42 42.5 43 43.5 44 44.5 45 45.3 45.6 45.9 46.2 46.5 46.8 47.1 47.4 47.7 48 48.3 48.6 48.9 49.2 49.5 49.8 50.1 50.4 50.7 51 51.3 51.6 51.8 52 52.2 52.4 52.6 52.8 53 53.2 53.4 53.6 53.8 54 54.2 54.4 54.6 54.8 55 55.2 55.4 55.6 55.8 56 56.2 56.4 56.6 56.8 57 57.2 57.4 57.6 57.8 58 58.2 58.4 58.6 58.8 59 59.2 59.4 59.6 59.8 60 60.2 60.4 60.6 60.8 61 61.2 61.4 61.6 61.8 62 62.2 62.4 62.6 62.8 63 63.2 63.4 63.6 63.8 64 64.2 64.4 64.6 64.7 64.8 64.9 65 65
#northernRO# 1 2 2.5 3 4 4.5 5 6 7 8 9 10 11 12 13 14 15 17 18 19 20 21 22 23 24 24.5 25 26 27 28 29 30 31 32 33 33.5 34 35 36 37 38 39 40 41 42 42.5 43 43.5 44 44.5 45 45.5 46 46.5 47 47.5 48 48.5 49 49.5 50 50.5 51 51.5 52 52.5 53 53.5 54 54.5 55 55.5 56 56.5 57 57.5 58 58.5 59 59.5 60 60.5 61 61.5 62 62.3 62.6 62.9 63.2 63.5 63.8 64.1 64.4 64.7 65 65 65 65 65 65 
#MockHick# 1 2 2.5 3 4 4.5 5 6 7 8 8.5 9 10 11 12 12.5 13 14 15 16 17 18 19 20 21 22 23 24 25 26 27 28 29 30 31 32 33 34 35 36 36.5 37 37.5 38 38.5 39 39.5 40 40.5 41 42 42.5 43 44 45 45.5 46 46.5 47 47.5 48 48.5 49 49.5 50 50.5 51 51.5 52 52.5 53 53.5 54 54.5 55 55.5 56 56.5 57 57.5 58 58.5 59 59.5 60 60.5 61 61.3 61.6 61.9 62.2 62.5 62.8 63.1 63.4 63.7 64 64.3 64.6 65 
#SugarMaple# 1 2 2.5 3 4 5 6 7 8 9 9.5 10 11 12 13 13.5 14 15 16 17 17.5 18 19 20 21 22 23 24 25 26 27 28 29 30 31 32 33 34 35 36 37 38 39 40 41 42 43 44 45 46 47 48 49 49.5 50 50.5 51 51.5 52 52.5 53 53.5 54 54.5 55 55.5 56 56.5 57 57.5 58 58.5 59 59.5 60 60.5 61 61.5 62 62.3 62.6 62.9 63.2 63.5 63.8 64.1 64.4 64.7 65 65.3 65.6 65.9 66.2 66.5 66.8 67.1 67.4 67.7 68 68.2 68.4 68.6 68.8 69 69.2 69.4 69.6 69.8 70 70.2 70.4 70.6 70.8 71 71.2 71.4 71.6 71.8 72 72.2 72.4 72.6 72.8 73 73.1 73.2 73.3 73.4 73.5 73.6 73.7 73.8 73.9 74 74.1 74.2 74.3 74.4 74.5 74.6 74.7 74.8 74.9 75 75 75 75 75 75 75
#redmaple# 1 2 2.5 3 4 4.5 5 5.5 6 7 7.5 8 9 10 11 11.5 12 12.5 13 14 14.5 15 15.5 16 17 18 19 20 21 22 22.5 23 24 25 26 27 28 29 30 31 32 33 34 35 36 37 38 39 40 41 42 43 44 45 46 47 49 50 51 52 52.5 53 54 55.5 56 56.5 57 57.5 58 58.5 59 59.5 59.8 60 60 
#Blackcherry# 1 2 2.5 3 4 4.5 5 5.5 6 7 7.5 8 9 10 11 11.5 12 12.5 13 14 14.5 15 15.5 16 17 18 19 20 21 22 22.5 23 24 25 26 27 28 29 30 31 32 33 34 35 36 37 38 39 40 41 42 43 44 45 46 47 49 50 51 52 52.5 53 54 55.5 56 56.5 57 57.5 58 58.5 59 59.5 59.8 60 60 
#PseudoSpp# 1 1.5 2 2.5 3 3.4 3.8 4.2 5 6 6.5 7 8 9 10 10.5 11 11.5 12 13 13.5 14 14.5 15 16 17 18 19 20 21 21.5 22 23 24 25 26 27 28 29 30 31 32 33 33.5 34 34.5 35 35.5 36 37 37.5 38 38.5 39 40 40.5 41 41.5 42 42.5 43 43.5 44 44.5 45 45.5 46 46.5 47 47.5 48 48.5 49 49.5 50 50.4 50.8 51.2 51.6 52 52.4 52.8 53.2 53.6 54 54.4 54.8 55.2 55.6 56 56.4 56.8 57.2 57.6 58 58.4 58.8 59.2 59.6 60 
 
#Landtype1#
  #2 4 6 8 10 12 14 16 18 20 22 24 26 28 30 32 34 36 38 40 42 44 46 48 50 52 54 56 58 60 62 64 66 68 70 72 74 76 78 80 82 84 86 88 90 92 94 96 98 100 102 104 106 108 110 112 114 116 118 120 122 124 126 128 130 132 134 136 138 140 142 144 146 148 150 152 154 156 158 160 162 164 166 168 170 172 174 176 178 180 182 184 186 188 190 192 194 196 198 200 202 204 206 208 210 212 214 216 218 220 222 224 226 228 230 232 234 236 238 240 242 244 246 248 250 252 254 256 258 260 262 264 266 268 270 272 274 276 278 280 282 284 286 288 290 292 294 296 298 300#
#whiteoak# 1 2 2.5 3 4 4.5 5 6 7 8 8.5 9 10 11 12 12.5 13 14 15 16 16.5 17 18 19 20 21 22 23 24 25 26 27 28 29 30 31 32 33 34 35 36 37 38 39 40 41 42 43 44 45 46 47 48 49 50 50.5 51 51.5 52 52.5 53 53.5 54 54.5 55 55.5 56 56.5 57 57.5 58 58.5 59 59.5 60 60.5 61 61.5 62 62.3 62.6 62.9 63.2 63.5 63.8 64.1 64.4 64.7 65 65.3 65.6 65.9 66.2 66.5 66.8 67.1 67.4 67.7 68 68.2 68.4 68.6 68.8 69 69.2 69.4 69.6 69.8 70 70.2 70.4 70.6 70.8 71 71.2 71.4 71.6 71.8 72 72.2 72.4 72.6 72.8 73 73.1 73.2 73.3 73.4 73.5 73.6 73.7 73.8 73.9 74 74.1 74.2 74.3 74.4 74.5 74.6 74.7 74.8 74.9 75 75 75 75 75 75 75
#ShortPine# 1 2 2.5 3 4 4.5 5 5.5 6 7 7.5 8 9 10 11 11.5 12 12.5 13 14 14.5 15 15.5 16 17 18 19 20 21 22 22.5 23 24 25 26 26.5 27 27.5 28 29 30 31 32 33 34 35 36 37 38 39 40 41 42 43 44 44.5 45 45.5 46 46.5 47 47.5 48 49 50 50.5 51 51.5 52 53 53.5 54 54.5 55 56 56.5 57 57.5 58 59 59.5 60 60.5 61 61.5 62 62.5 63 63.5 64 64.5 65 65.5 66 66.5 67 67.5 68 68.5 70 
#Blackoak# 1 2 2.5 3 4 4.5 5 5.5 6 7 7.5 8 9 10 11 11.5 12 12.5 13 14 14.5 15 15.5 16 17 18 19 20 21 22 22.5 23 24 25 26 27 28 29 30 31 32 33 34 35 36 37 38 39 40 41 42 43 44 45 46 47 49 50 51 52 52.5 53 54 55.5 56 56.5 57 57.5 58 58.5 59 59.5 59.8 60 60 
#PostOak# 1 2 2.5 3 4 4.5 5 6 7 8 8.5 9 10 11 12 12.5 13 14 15 16 16.5 17 18 19 20 20.5 21 22 23 24 25 25.5 26 26.5 27 27.5 28 29 30 31 32 33 34 35 36 37 38 39 39.5 40 40.5 41 41.5 42 43 44 45 46 47 48 48.5 49 49.5 50 51 51.5 52 52.5 53 53.5 54 54.5 55 55.5 56 56.5 57 57.5 58 58.5 59 59.5 60 60.5 61 61.3 61.6 61.9 62.2 62.5 62.8 63.1 63.4 63.7 64 64.2 64.4 64.6 64.8 65 65.2 65.4 65.6 65.8 66 66.2 66.4 66.6 66.8 67 67.2 67.4 67.6 67.8 68 68.2 68.4 68.6 68.8 69 69.2 69.4 69.6 69.8 70 
#ScarletOak# 1 2 2.5 3 4 4.5 5 5.5 6 7 7.5 8 9 10 11 11.5 12 12.5 13 14 14.5 15 15.5 16 17 18 19 20 21 22 22.5 23 24 25 26 27 28 29 30 31 32 33 34 35 36 37 38 39 40 41 42 43 44 45 46 47 49 50 51 52 52.5 53 54 55.5 56 56.5 57 57.5 58 58.5 59 59.5 59.8 60 60 
#RedCedar# 1 2 2.5 3 4 5 6 7 8 9 9.5 10 11 12 13 13.5 14 15 16 17 18 19 20 21 22 23 24 25 26 27 28 29 30 31 31.5 32 33 34 35 36 36.5 37 37.5 38 38.5 39 39.5 40 40.5 41 41.5 42 42.5 43 43.5 44 44.5 45 45.3 45.6 45.9 46.2 46.5 46.8 47.1 47.4 47.7 48 48.3 48.6 48.9 49.2 49.5 49.8 50.1 50.4 50.7 51 51.3 51.6 51.8 52 52.2 52.4 52.6 52.8 53 53.2 53.4 53.6 53.8 54 54.2 54.4 54.6 54.8 55 55.2 55.4 55.6 55.8 56 56.2 56.4 56.6 56.8 57 57.2 57.4 57.6 57.8 58 58.2 58.4 58.6 58.8 59 59.2 59.4 59.6 59.8 60 60.2 60.4 60.6 60.8 61 61.2 61.4 61.6 61.8 62 62.2 62.4 62.6 62.8 63 63.2 63.4 63.6 63.8 64 64.2 64.4 64.6 64.7 64.8 64.9 65 65
#northernRO# 1 2 2.5 3 4 4.5 5 6 7 8 9 10 11 12 13 14 15 17 18 19 20 21 22 23 24 24.5 25 26 27 28 29 30 31 32 33 33.5 34 35 36 37 38 39 40 41 42 42.5 43 43.5 44 44.5 45 45.5 46 46.5 47 47.5 48 48.5 49 49.5 50 50.5 51 51.5 52 52.5 53 53.5 54 54.5 55 55.5 56 56.5 57 57.5 58 58.5 59 59.5 60 60.5 61 61.5 62 62.3 62.6 62.9 63.2 63.5 63.8 64.1 64.4 64.7 65 65 65 65 65 65 
#MockHick# 1 2 2.5 3 4 4.5 5 6 7 8 8.5 9 10 11 12 12.5 13 14 15 16 17 18 19 20 21 22 23 24 25 26 27 28 29 30 31 32 33 34 35 36 36.5 37 37.5 38 38.5 39 39.5 40 40.5 41 42 42.5 43 44 45 45.5 46 46.5 47 47.5 48 48.5 49 49.5 50 50.5 51 51.5 52 52.5 53 53.5 54 54.5 55 55.5 56 56.5 57 57.5 58 58.5 59 59.5 60 60.5 61 61.3 61.6 61.9 62.2 62.5 62.8 63.1 63.4 63.7 64 64.3 64.6 65 
#SugarMaple# 1 2 2.5 3 4 5 6 7 8 9 9.5 10 11 12 13 13.5 14 15 16 17 17.5 18 19 20 21 22 23 24 25 26 27 28 29 30 31 32 33 34 35 36 37 38 39 40 41 42 43 44 45 46 47 48 49 49.5 50 50.5 51 51.5 52 52.5 53 53.5 54 54.5 55 55.5 56 56.5 57 57.5 58 58.5 59 59.5 60 60.5 61 61.5 62 62.3 62.6 62.9 63.2 63.5 63.8 64.1 64.4 64.7 65 65.3 65.6 65.9 66.2 66.5 66.8 67.1 67.4 67.7 68 68.2 68.4 68.6 68.8 69 69.2 69.4 69.6 69.8 70 70.2 70.4 70.6 70.8 71 71.2 71.4 71.6 71.8 72 72.2 72.4 72.6 72.8 73 73.1 73.2 73.3 73.4 73.5 73.6 73.7 73.8 73.9 74 74.1 74.2 74.3 74.4 74.5 74.6 74.7 74.8 74.9 75 75 75 75 75 75 75
#redmaple# 1 2 2.5 3 4 4.5 5 5.5 6 7 7.5 8 9 10 11 11.5 12 12.5 13 14 14.5 15 15.5 16 17 18 19 20 21 22 22.5 23 24 25 26 27 28 29 30 31 32 33 34 35 36 37 38 39 40 41 42 43 44 45 46 47 49 50 51 52 52.5 53 54 55.5 56 56.5 57 57.5 58 58.5 59 59.5 59.8 60 60 
#Blackcherry# 1 2 2.5 3 4 4.5 5 5.5 6 7 7.5 8 9 10 11 11.5 12 12.5 13 14 14.5 15 15.5 16 17 18 19 20 21 22 22.5 23 24 25 26 27 28 29 30 31 32 33 34 35 36 37 38 39 40 41 42 43 44 45 46 47 49 50 51 52 52.5 53 54 55.5 56 56.5 57 57.5 58 58.5 59 59.5 59.8 60 60 
#PseudoSpp# 1 1.5 2 2.5 3 3.4 3.8 4.2 5 6 6.5 7 8 9 10 10.5 11 11.5 12 13 13.5 14 14.5 15 16 17 18 19 20 21 21.5 22 23 24 25 26 27 28 29 30 31 32 33 33.5 34 34.5 35 35.5 36 37 37.5 38 38.5 39 40 40.5 41 41.5 42 42.5 43 43.5 44 44.5 45 45.5 46 46.5 47 47.5 48 48.5 49 49.5 50 50.4 50.8 51.2 51.6 52 52.4 52.8 53.2 53.6 54 54.4 54.8 55.2 55.6 56 56.4 56.8 57.2 57.6 58 58.4 58.8 59.2 59.6 60 
 
#Landtype2#
  #2 4 6 8 10 12 14 16 18 20 22 24 26 28 30 32 34 36 38 40 42 44 46 48 50 52 54 56 58 60 62 64 66 68 70 72 74 76 78 80 82 84 86 88 90 92 94 96 98 100 102 104 106 108 110 112 114 116 118 120 122 124 126 128 130 132 134 136 138 140 142 144 146 148 150 152 154 156 158 160 162 164 166 168 170 172 174 176 178 180 182 184 186 188 190 192 194 196 198 200 202 204 206 208 210 212 214 216 218 220 222 224 226 228 230 232 234 236 238 240 242 244 246 248 250 252 254 256 258 260 262 264 266 268 270 272 274 276 278 280 282 284 286 288 290 292 294 296 298 300#
#whiteoak# 1 2 2.5 3 4 4.5 5 6 7 8 8.5 9 10 11 12 12.5 13 14 15 16 16.5 17 18 19 20 21 22 23 24 25 26 27 28 29 30 31 32 33 34 35 36 37 38 39 40 41 42 43 44 45 46 47 48 49 50 50.5 51 51.5 52 52.5 53 53.5 54 54.5 55 55.5 56 56.5 57 57.5 58 58.5 59 59.5 60 60.5 61 61.5 62 62.3 62.6 62.9 63.2 63.5 63.8 64.1 64.4 64.7 65 65.3 65.6 65.9 66.2 66.5 66.8 67.1 67.4 67.7 68 68.2 68.4 68.6 68.8 69 69.2 69.4 69.6 69.8 70 70.2 70.4 70.6 70.8 71 71.2 71.4 71.6 71.8 72 72.2 72.4 72.6 72.8 73 73.1 73.2 73.3 73.4 73.5 73.6 73.7 73.8 73.9 74 74.1 74.2 74.3 74.4 74.5 74.6 74.7 74.8 74.9 75 75 75 75 75 75 75
#ShortPine# 1 2 2.5 3 4 4.5 5 5.5 6 7 7.5 8 9 10 11 11.5 12 12.5 13 14 14.5 15 15.5 16 17 18 19 20 21 22 22.5 23 24 25 26 26.5 27 27.5 28 29 30 31 32 33 34 35 36 37 38 39 40 41 42 43 44 44.5 45 45.5 46 46.5 47 47.5 48 49 50 50.5 51 51.5 52 53 53.5 54 54.5 55 56 56.5 57 57.5 58 59 59.5 60 60.5 61 61.5 62 62.5 63 63.5 64 64.5 65 65.5 66 66.5 67 67.5 68 68.5 70 
#Blackoak# 1 2 2.5 3 4 4.5 5 5.5 6 7 7.5 8 9 10 11 11.5 12 12.5 13 14 14.5 15 15.5 16 17 18 19 20 21 22 22.5 23 24 25 26 27 28 29 30 31 32 33 34 35 36 37 38 39 40 41 42 43 44 45 46 47 49 50 51 52 52.5 53 54 55.5 56 56.5 57 57.5 58 58.5 59 59.5 59.8 60 60 
#PostOak# 1 2 2.5 3 4 4.5 5 6 7 8 8.5 9 10 11 12 12.5 13 14 15 16 16.5 17 18 19 20 20.5 21 22 23 24 25 25.5 26 26.5 27 27.5 28 29 30 31 32 33 34 35 36 37 38 39 39.5 40 40.5 41 41.5 42 43 44 45 46 47 48 48.5 49 49.5 50 51 51.5 52 52.5 53 53.5 54 54.5 55 55.5 56 56.5 57 57.5 58 58.5 59 59.5 60 60.5 61 61.3 61.6 61.9 62.2 62.5 62.8 63.1 63.4 63.7 64 64.2 64.4 64.6 64.8 65 65.2 65.4 65.6 65.8 66 66.2 66.4 66.6 66.8 67 67.2 67.4 67.6 67.8 68 68.2 68.4 68.6 68.8 69 69.2 69.4 69.6 69.8 70 
#ScarletOak# 1 2 2.5 3 4 4.5 5 5.5 6 7 7.5 8 9 10 11 11.5 12 12.5 13 14 14.5 15 15.5 16 17 18 19 20 21 22 22.5 23 24 25 26 27 28 29 30 31 32 33 34 35 36 37 38 39 40 41 42 43 44 45 46 47 49 50 51 52 52.5 53 54 55.5 56 56.5 57 57.5 58 58.5 59 59.5 59.8 60 60 
#RedCedar# 1 2 2.5 3 4 5 6 7 8 9 9.5 10 11 12 13 13.5 14 15 16 17 18 19 20 21 22 23 24 25 26 27 28 29 30 31 31.5 32 33 34 35 36 36.5 37 37.5 38 38.5 39 39.5 40 40.5 41 41.5 42 42.5 43 43.5 44 44.5 45 45.3 45.6 45.9 46.2 46.5 46.8 47.1 47.4 47.7 48 48.3 48.6 48.9 49.2 49.5 49.8 50.1 50.4 50.7 51 51.3 51.6 51.8 52 52.2 52.4 52.6 52.8 53 53.2 53.4 53.6 53.8 54 54.2 54.4 54.6 54.8 55 55.2 55.4 55.6 55.8 56 56.2 56.4 56.6 56.8 57 57.2 57.4 57.6 57.8 58 58.2 58.4 58.6 58.8 59 59.2 59.4 59.6 59.8 60 60.2 60.4 60.6 60.8 61 61.2 61.4 61.6 61.8 62 62.2 62.4 62.6 62.8 63 63.2 63.4 63.6 63.8 64 64.2 64.4 64.6 64.7 64.8 64.9 65 65
#northernRO# 1 2 2.5 3 4 4.5 5 6 7 8 9 10 11 12 13 14 15 17 18 19 20 21 22 23 24 24.5 25 26 27 28 29 30 31 32 33 33.5 34 35 36 37 38 39 40 41 42 42.5 43 43.5 44 44.5 45 45.5 46 46.5 47 47.5 48 48.5 49 49.5 50 50.5 51 51.5 52 52.5 53 53.5 54 54.5 55 55.5 56 56.5 57 57.5 58 58.5 59 59.5 60 60.5 61 61.5 62 62.3 62.6 62.9 63.2 63.5 63.8 64.1 64.4 64.7 65 65 65 65 65 65 
#MockHick# 1 2 2.5 3 4 4.5 5 6 7 8 8.5 9 10 11 12 12.5 13 14 15 16 17 18 19 20 21 22 23 24 25 26 27 28 29 30 31 32 33 34 35 36 36.5 37 37.5 38 38.5 39 39.5 40 40.5 41 42 42.5 43 44 45 45.5 46 46.5 47 47.5 48 48.5 49 49.5 50 50.5 51 51.5 52 52.5 53 53.5 54 54.5 55 55.5 56 56.5 57 57.5 58 58.5 59 59.5 60 60.5 61 61.3 61.6 61.9 62.2 62.5 62.8 63.1 63.4 63.7 64 64.3 64.6 65 
#SugarMaple# 1 2 2.5 3 4 5 6 7 8 9 9.5 10 11 12 13 13.5 14 15 16 17 17.5 18 19 20 21 22 23 24 25 26 27 28 29 30 31 32 33 34 35 36 37 38 39 40 41 42 43 44 45 46 47 48 49 49.5 50 50.5 51 51.5 52 52.5 53 53.5 54 54.5 55 55.5 56 56.5 57 57.5 58 58.5 59 59.5 60 60.5 61 61.5 62 62.3 62.6 62.9 63.2 63.5 63.8 64.1 64.4 64.7 65 65.3 65.6 65.9 66.2 66.5 66.8 67.1 67.4 67.7 68 68.2 68.4 68.6 68.8 69 69.2 69.4 69.6 69.8 70 70.2 70.4 70.6 70.8 71 71.2 71.4 71.6 71.8 72 72.2 72.4 72.6 72.8 73 73.1 73.2 73.3 73.4 73.5 73.6 73.7 73.8 73.9 74 74.1 74.2 74.3 74.4 74.5 74.6 74.7 74.8 74.9 75 75 75 75 75 75 75
#redmaple# 1 2 2.5 3 4 4.5 5 5.5 6 7 7.5 8 9 10 11 11.5 12 12.5 13 14 14.5 15 15.5 16 17 18 19 20 21 22 22.5 23 24 25 26 27 28 29 30 31 32 33 34 35 36 37 38 39 40 41 42 43 44 45 46 47 49 50 51 52 52.5 53 54 55.5 56 56.5 57 57.5 58 58.5 59 59.5 59.8 60 60 
#Blackcherry# 1 2 2.5 3 4 4.5 5 5.5 6 7 7.5 8 9 10 11 11.5 12 12.5 13 14 14.5 15 15.5 16 17 18 19 20 21 22 22.5 23 24 25 26 27 28 29 30 31 32 33 34 35 36 37 38 39 40 41 42 43 44 45 46 47 49 50 51 52 52.5 53 54 55.5 56 56.5 57 57.5 58 58.5 59 59.5 59.8 60 60 
#PseudoSpp# 1 1.5 2 2.5 3 3.4 3.8 4.2 5 6 6.5 7 8 9 10 10.5 11 11.5 12 13 13.5 14 14.5 15 16 17 18 19 20 21 21.5 22 23 24 25 26 27 28 29 30 31 32 33 33.5 34 34.5 35 35.5 36 37 37.5 38 38.5 39 40 40.5 41 41.5 42 42.5 43 43.5 44 44.5 45 45.5 46 46.5 47 47.5 48 48.5 49 49.5 50 50.4 50.8 51.2 51.6 52 52.4 52.8 53.2 53.6 54 54.4 54.8 55.2 55.6 56 56.4 56.8 57.2 57.6 58 58.4 58.8 59.2 59.6 60 
 
#Landtype3#
  #2 4 6 8 10 12 14 16 18 20 22 24 26 28 30 32 34 36 38 40 42 44 46 48 50 52 54 56 58 60 62 64 66 68 70 72 74 76 78 80 82 84 86 88 90 92 94 96 98 100 102 104 106 108 110 112 114 116 118 120 122 124 126 128 130 132 134 136 138 140 142 144 146 148 150 152 154 156 158 160 162 164 166 168 170 172 174 176 178 180 182 184 186 188 190 192 194 196 198 200 202 204 206 208 210 212 214 216 218 220 222 224 226 228 230 232 234 236 238 240 242 244 246 248 250 252 254 256 258 260 262 264 266 268 270 272 274 276 278 280 282 284 286 288 290 292 294 296 298 300#
#whiteoak# 1 2 2.5 3 4 4.5 5 6 7 8 8.5 9 10 11 12 12.5 13 14 15 16 16.5 17 18 19 20 21 22 23 24 25 26 27 28 29 30 31 32 33 34 35 36 37 38 39 40 41 42 43 44 45 46 47 48 49 50 50.5 51 51.5 52 52.5 53 53.5 54 54.5 55 55.5 56 56.5 57 57.5 58 58.5 59 59.5 60 60.5 61 61.5 62 62.3 62.6 62.9 63.2 63.5 63.8 64.1 64.4 64.7 65 65.3 65.6 65.9 66.2 66.5 66.8 67.1 67.4 67.7 68 68.2 68.4 68.6 68.8 69 69.2 69.4 69.6 69.8 70 70.2 70.4 70.6 70.8 71 71.2 71.4 71.6 71.8 72 72.2 72.4 72.6 72.8 73 73.1 73.2 73.3 73.4 73.5 73.6 73.7 73.8 73.9 74 74.1 74.2 74.3 74.4 74.5 74.6 74.7 74.8 74.9 75 75 75 75 75 75 75
#ShortPine# 1 2 2.5 3 4 4.5 5 5.5 6 7 7.5 8 9 10 11 11.5 12 12.5 13 14 14.5 15 15.5 16 17 18 19 20 21 22 22.5 23 24 25 26 26.5 27 27.5 28 29 30 31 32 33 34 35 36 37 38 39 40 41 42 43 44 44.5 45 45.5 46 46.5 47 47.5 48 49 50 50.5 51 51.5 52 53 53.5 54 54.5 55 56 56.5 57 57.5 58 59 59.5 60 60.5 61 61.5 62 62.5 63 63.5 64 64.5 65 65.5 66 66.5 67 67.5 68 68.5 70 
#Blackoak# 1 2 2.5 3 4 4.5 5 5.5 6 7 7.5 8 9 10 11 11.5 12 12.5 13 14 14.5 15 15.5 16 17 18 19 20 21 22 22.5 23 24 25 26 27 28 29 30 31 32 33 34 35 36 37 38 39 40 41 42 43 44 45 46 47 49 50 51 52 52.5 53 54 55.5 56 56.5 57 57.5 58 58.5 59 59.5 59.8 60 60 
#PostOak# 1 2 2.5 3 4 4.5 5 6 7 8 8.5 9 10 11 12 12.5 13 14 15 16 16.5 17 18 19 20 20.5 21 22 23 24 25 25.5 26 26.5 27 27.5 28 29 30 31 32 33 34 35 36 37 38 39 39.5 40 40.5 41 41.5 42 43 44 45 46 47 48 48.5 49 49.5 50 51 51.5 52 52.5 53 53.5 54 54.5 55 55.5 56 56.5 57 57.5 58 58.5 59 59.5 60 60.5 61 61.3 61.6 61.9 62.2 62.5 62.8 63.1 63.4 63.7 64 64.2 64.4 64.6 64.8 65 65.2 65.4 65.6 65.8 66 66.2 66.4 66.6 66.8 67 67.2 67.4 67.6 67.8 68 68.2 68.4 68.6 68.8 69 69.2 69.4 69.6 69.8 70 
#ScarletOak# 1 2 2.5 3 4 4.5 5 5.5 6 7 7.5 8 9 10 11 11.5 12 12.5 13 14 14.5 15 15.5 16 17 18 19 20 21 22 22.5 23 24 25 26 27 28 29 30 31 32 33 34 35 36 37 38 39 40 41 42 43 44 45 46 47 49 50 51 52 52.5 53 54 55.5 56 56.5 57 57.5 58 58.5 59 59.5 59.8 60 60 
#RedCedar# 1 2 2.5 3 4 5 6 7 8 9 9.5 10 11 12 13 13.5 14 15 16 17 18 19 20 21 22 23 24 25 26 27 28 29 30 31 31.5 32 33 34 35 36 36.5 37 37.5 38 38.5 39 39.5 40 40.5 41 41.5 42 42.5 43 43.5 44 44.5 45 45.3 45.6 45.9 46.2 46.5 46.8 47.1 47.4 47.7 48 48.3 48.6 48.9 49.2 49.5 49.8 50.1 50.4 50.7 51 51.3 51.6 51.8 52 52.2 52.4 52.6 52.8 53 53.2 53.4 53.6 53.8 54 54.2 54.4 54.6 54.8 55 55.2 55.4 55.6 55.8 56 56.2 56.4 56.6 56.8 57 57.2 57.4 57.6 57.8 58 58.2 58.4 58.6 58.8 59 59.2 59.4 59.6 59.8 60 60.2 60.4 60.6 60.8 61 61.2 61.4 61.6 61.8 62 62.2 62.4 62.6 62.8 63 63.2 63.4 63.6 63.8 64 64.2 64.4 64.6 64.7 64.8 64.9 65 65
#northernRO# 1 2 2.5 3 4 4.5 5 6 7 8 9 10 11 12 13 14 15 17 18 19 20 21 22 23 24 24.5 25 26 27 28 29 30 31 32 33 33.5 34 35 36 37 38 39 40 41 42 42.5 43 43.5 44 44.5 45 45.5 46 46.5 47 47.5 48 48.5 49 49.5 50 50.5 51 51.5 52 52.5 53 53.5 54 54.5 55 55.5 56 56.5 57 57.5 58 58.5 59 59.5 60 60.5 61 61.5 62 62.3 62.6 62.9 63.2 63.5 63.8 64.1 64.4 64.7 65 65 65 65 65 65 
#MockHick# 1 2 2.5 3 4 4.5 5 6 7 8 8.5 9 10 11 12 12.5 13 14 15 16 17 18 19 20 21 22 23 24 25 26 27 28 29 30 31 32 33 34 35 36 36.5 37 37.5 38 38.5 39 39.5 40 40.5 41 42 42.5 43 44 45 45.5 46 46.5 47 47.5 48 48.5 49 49.5 50 50.5 51 51.5 52 52.5 53 53.5 54 54.5 55 55.5 56 56.5 57 57.5 58 58.5 59 59.5 60 60.5 61 61.3 61.6 61.9 62.2 62.5 62.8 63.1 63.4 63.7 64 64.3 64.6 65 
#SugarMaple# 1 2 2.5 3 4 5 6 7 8 9 9.5 10 11 12 13 13.5 14 15 16 17 17.5 18 19 20 21 22 23 24 25 26 27 28 29 30 31 32 33 34 35 36 37 38 39 40 41 42 43 44 45 46 47 48 49 49.5 50 50.5 51 51.5 52 52.5 53 53.5 54 54.5 55 55.5 56 56.5 57 57.5 58 58.5 59 59.5 60 60.5 61 61.5 62 62.3 62.6 62.9 63.2 63.5 63.8 64.1 64.4 64.7 65 65.3 65.6 65.9 66.2 66.5 66.8 67.1 67.4 67.7 68 68.2 68.4 68.6 68.8 69 69.2 69.4 69.6 69.8 70 70.2 70.4 70.6 70.8 71 71.2 71.4 71.6 71.8 72 72.2 72.4 72.6 72.8 73 73.1 73.2 73.3 73.4 73.5 73.6 73.7 73.8 73.9 74 74.1 74.2 74.3 74.4 74.5 74.6 74.7 74.8 74.9 75 75 75 75 75 75 75
#redmaple# 1 2 2.5 3 4 4.5 5 5.5 6 7 7.5 8 9 10 11 11.5 12 12.5 13 14 14.5 15 15.5 16 17 18 19 20 21 22 22.5 23 24 25 26 27 28 29 30 31 32 33 34 35 36 37 38 39 40 41 42 43 44 45 46 47 49 50 51 52 52.5 53 54 55.5 56 56.5 57 57.5 58 58.5 59 59.5 59.8 60 60 
#Blackcherry# 1 2 2.5 3 4 4.5 5 5.5 6 7 7.5 8 9 10 11 11.5 12 12.5 13 14 14.5 15 15.5 16 17 18 19 20 21 22 22.5 23 24 25 26 27 28 29 30 31 32 33 34 35 36 37 38 39 40 41 42 43 44 45 46 47 49 50 51 52 52.5 53 54 55.5 56 56.5 57 57.5 58 58.5 59 59.5 59.8 60 60 
#PseudoSpp# 1 1.5 2 2.5 3 3.4 3.8 4.2 5 6 6.5 7 8 9 10 10.5 11 11.5 12 13 13.5 14 14.5 15 16 17 18 19 20 21 21.5 22 23 24 25 26 27 28 29 30 31 32 33 33.5 34 34.5 35 35.5 36 37 37.5 38 38.5 39 40 40.5 41 41.5 42 42.5 43 43.5 44 44.5 45 45.5 46 46.5 47 47.5 48 48.5 49 49.5 50 50.4 50.8 51.2 51.6 52 52.4 52.8 53.2 53.6 54 54.4 54.8 55.2 55.6 56 56.4 56.8 57.2 57.6 58 58.4 58.8 59.2 59.6 60 
 
#Landtype4#
  #2 4 6 8 10 12 14 16 18 20 22 24 26 28 30 32 34 36 38 40 42 44 46 48 50 52 54 56 58 60 62 64 66 68 70 72 74 76 78 80 82 84 86 88 90 92 94 96 98 100 102 104 106 108 110 112 114 116 118 120 122 124 126 128 130 132 134 136 138 140 142 144 146 148 150 152 154 156 158 160 162 164 166 168 170 172 174 176 178 180 182 184 186 188 190 192 194 196 198 200 202 204 206 208 210 212 214 216 218 220 222 224 226 228 230 232 234 236 238 240 242 244 246 248 250 252 254 256 258 260 262 264 266 268 270 272 274 276 278 280 282 284 286 288 290 292 294 296 298 300#
#whiteoak# 1 2 2.5 3 4 4.5 5 6 7 8 8.5 9 10 11 12 12.5 13 14 15 16 16.5 17 18 19 20 21 22 23 24 25 26 27 28 29 30 31 32 33 34 35 36 37 38 39 40 41 42 43 44 45 46 47 48 49 50 50.5 51 51.5 52 52.5 53 53.5 54 54.5 55 55.5 56 56.5 57 57.5 58 58.5 59 59.5 60 60.5 61 61.5 62 62.3 62.6 62.9 63.2 63.5 63.8 64.1 64.4 64.7 65 65.3 65.6 65.9 66.2 66.5 66.8 67.1 67.4 67.7 68 68.2 68.4 68.6 68.8 69 69.2 69.4 69.6 69.8 70 70.2 70.4 70.6 70.8 71 71.2 71.4 71.6 71.8 72 72.2 72.4 72.6 72.8 73 73.1 73.2 73.3 73.4 73.5 73.6 73.7 73.8 73.9 74 74.1 74.2 74.3 74.4 74.5 74.6 74.7 74.8 74.9 75 75 75 75 75 75 75
#ShortPine# 1 2 2.5 3 4 4.5 5 5.5 6 7 7.5 8 9 10 11 11.5 12 12.5 13 14 14.5 15 15.5 16 17 18 19 20 21 22 22.5 23 24 25 26 26.5 27 27.5 28 29 30 31 32 33 34 35 36 37 38 39 40 41 42 43 44 44.5 45 45.5 46 46.5 47 47.5 48 49 50 50.5 51 51.5 52 53 53.5 54 54.5 55 56 56.5 57 57.5 58 59 59.5 60 60.5 61 61.5 62 62.5 63 63.5 64 64.5 65 65.5 66 66.5 67 67.5 68 68.5 70 
#Blackoak# 1 2 2.5 3 4 4.5 5 5.5 6 7 7.5 8 9 10 11 11.5 12 12.5 13 14 14.5 15 15.5 16 17 18 19 20 21 22 22.5 23 24 25 26 27 28 29 30 31 32 33 34 35 36 37 38 39 40 41 42 43 44 45 46 47 49 50 51 52 52.5 53 54 55.5 56 56.5 57 57.5 58 58.5 59 59.5 59.8 60 60 
#PostOak# 1 2 2.5 3 4 4.5 5 6 7 8 8.5 9 10 11 12 12.5 13 14 15 16 16.5 17 18 19 20 20.5 21 22 23 24 25 25.5 26 26.5 27 27.5 28 29 30 31 32 33 34 35 36 37 38 39 39.5 40 40.5 41 41.5 42 43 44 45 46 47 48 48.5 49 49.5 50 51 51.5 52 52.5 53 53.5 54 54.5 55 55.5 56 56.5 57 57.5 58 58.5 59 59.5 60 60.5 61 61.3 61.6 61.9 62.2 62.5 62.8 63.1 63.4 63.7 64 64.2 64.4 64.6 64.8 65 65.2 65.4 65.6 65.8 66 66.2 66.4 66.6 66.8 67 67.2 67.4 67.6 67.8 68 68.2 68.4 68.6 68.8 69 69.2 69.4 69.6 69.8 70 
#ScarletOak# 1 2 2.5 3 4 4.5 5 5.5 6 7 7.5 8 9 10 11 11.5 12 12.5 13 14 14.5 15 15.5 16 17 18 19 20 21 22 22.5 23 24 25 26 27 28 29 30 31 32 33 34 35 36 37 38 39 40 41 42 43 44 45 46 47 49 50 51 52 52.5 53 54 55.5 56 56.5 57 57.5 58 58.5 59 59.5 59.8 60 60 
#RedCedar# 1 2 2.5 3 4 5 6 7 8 9 9.5 10 11 12 13 13.5 14 15 16 17 18 19 20 21 22 23 24 25 26 27 28 29 30 31 31.5 32 33 34 35 36 36.5 37 37.5 38 38.5 39 39.5 40 40.5 41 41.5 42 42.5 43 43.5 44 44.5 45 45.3 45.6 45.9 46.2 46.5 46.8 47.1 47.4 47.7 48 48.3 48.6 48.9 49.2 49.5 49.8 50.1 50.4 50.7 51 51.3 51.6 51.8 52 52.2 52.4 52.6 52.8 53 53.2 53.4 53.6 53.8 54 54.2 54.4 54.6 54.8 55 55.2 55.4 55.6 55.8 56 56.2 56.4 56.6 56.8 57 57.2 57.4 57.6 57.8 58 58.2 58.4 58.6 58.8 59 59.2 59.4 59.6 59.8 60 60.2 60.4 60.6 60.8 61 61.2 61.4 61.6 61.8 62 62.2 62.4 62.6 62.8 63 63.2 63.4 63.6 63.8 64 64.2 64.4 64.6 64.7 64.8 64.9 65 65
#northernRO# 1 2 2.5 3 4 4.5 5 6 7 8 9 10 11 12 13 14 15 17 18 19 20 21 22 23 24 24.5 25 26 27 28 29 30 31 32 33 33.5 34 35 36 37 38 39 40 41 42 42.5 43 43.5 44 44.5 45 45.5 46 46.5 47 47.5 48 48.5 49 49.5 50 50.5 51 51.5 52 52.5 53 53.5 54 54.5 55 55.5 56 56.5 57 57.5 58 58.5 59 59.5 60 60.5 61 61.5 62 62.3 62.6 62.9 63.2 63.5 63.8 64.1 64.4 64.7 65 65 65 65 65 65 
#MockHick# 1 2 2.5 3 4 4.5 5 6 7 8 8.5 9 10 11 12 12.5 13 14 15 16 17 18 19 20 21 22 23 24 25 26 27 28 29 30 31 32 33 34 35 36 36.5 37 37.5 38 38.5 39 39.5 40 40.5 41 42 42.5 43 44 45 45.5 46 46.5 47 47.5 48 48.5 49 49.5 50 50.5 51 51.5 52 52.5 53 53.5 54 54.5 55 55.5 56 56.5 57 57.5 58 58.5 59 59.5 60 60.5 61 61.3 61.6 61.9 62.2 62.5 62.8 63.1 63.4 63.7 64 64.3 64.6 65 
#SugarMaple# 1 2 2.5 3 4 5 6 7 8 9 9.5 10 11 12 13 13.5 14 15 16 17 17.5 18 19 20 21 22 23 24 25 26 27 28 29 30 31 32 33 34 35 36 37 38 39 40 41 42 43 44 45 46 47 48 49 49.5 50 50.5 51 51.5 52 52.5 53 53.5 54 54.5 55 55.5 56 56.5 57 57.5 58 58.5 59 59.5 60 60.5 61 61.5 62 62.3 62.6 62.9 63.2 63.5 63.8 64.1 64.4 64.7 65 65.3 65.6 65.9 66.2 66.5 66.8 67.1 67.4 67.7 68 68.2 68.4 68.6 68.8 69 69.2 69.4 69.6 69.8 70 70.2 70.4 70.6 70.8 71 71.2 71.4 71.6 71.8 72 72.2 72.4 72.6 72.8 73 73.1 73.2 73.3 73.4 73.5 73.6 73.7 73.8 73.9 74 74.1 74.2 74.3 74.4 74.5 74.6 74.7 74.8 74.9 75 75 75 75 75 75 75
#redmaple# 1 2 2.5 3 4 4.5 5 5.5 6 7 7.5 8 9 10 11 11.5 12 12.5 13 14 14.5 15 15.5 16 17 18 19 20 21 22 22.5 23 24 25 26 27 28 29 30 31 32 33 34 35 36 37 38 39 40 41 42 43 44 45 46 47 49 50 51 52 52.5 53 54 55.5 56 56.5 57 57.5 58 58.5 59 59.5 59.8 60 60 
#Blackcherry# 1 2 2.5 3 4 4.5 5 5.5 6 7 7.5 8 9 10 11 11.5 12 12.5 13 14 14.5 15 15.5 16 17 18 19 20 21 22 22.5 23 24 25 26 27 28 29 30 31 32 33 34 35 36 37 38 39 40 41 42 43 44 45 46 47 49 50 51 52 52.5 53 54 55.5 56 56.5 57 57.5 58 58.5 59 59.5 59.8 60 60 
#PseudoSpp# 1 1.5 2 2.5 3 3.4 3.8 4.2 5 6 6.5 7 8 9 10 10.5 11 11.5 12 13 13.5 14 14.5 15 16 17 18 19 20 21 21.5 22 23 24 25 26 27 28 29 30 31 32 33 33.5 34 34.5 35 35.5 36 37 37.5 38 38.5 39 40 40.5 41 41.5 42 42.5 43 43.5 44 44.5 45 45.5 46 46.5 47 47.5 48 48.5 49 49.5 50 50.4 50.8 51.2 51.6 52 52.4 52.8 53.2 53.6 54 54.4 54.8 55.2 55.6 56 56.4 56.8 57.2 57.6 58 58.4 58.8 59.2 59.6 60 
 
#Landtype5#
  #2 4 6 8 10 12 14 16 18 20 22 24 26 28 30 32 34 36 38 40 42 44 46 48 50 52 54 56 58 60 62 64 66 68 70 72 74 76 78 80 82 84 86 88 90 92 94 96 98 100 102 104 106 108 110 112 114 116 118 120 122 124 126 128 130 132 134 136 138 140 142 144 146 148 150 152 154 156 158 160 162 164 166 168 170 172 174 176 178 180 182 184 186 188 190 192 194 196 198 200 202 204 206 208 210 212 214 216 218 220 222 224 226 228 230 232 234 236 238 240 242 244 246 248 250 252 254 256 258 260 262 264 266 268 270 272 274 276 278 280 282 284 286 288 290 292 294 296 298 300#
#whiteoak# 1 2 2.5 3 4 4.5 5 6 7 8 8.5 9 10 11 12 12.5 13 14 15 16 16.5 17 18 19 20 21 22 23 24 25 26 27 28 29 30 31 32 33 34 35 36 37 38 39 40 41 42 43 44 45 46 47 48 49 50 50.5 51 51.5 52 52.5 53 53.5 54 54.5 55 55.5 56 56.5 57 57.5 58 58.5 59 59.5 60 60.5 61 61.5 62 62.3 62.6 62.9 63.2 63.5 63.8 64.1 64.4 64.7 65 65.3 65.6 65.9 66.2 66.5 66.8 67.1 67.4 67.7 68 68.2 68.4 68.6 68.8 69 69.2 69.4 69.6 69.8 70 70.2 70.4 70.6 70.8 71 71.2 71.4 71.6 71.8 72 72.2 72.4 72.6 72.8 73 73.1 73.2 73.3 73.4 73.5 73.6 73.7 73.8 73.9 74 74.1 74.2 74.3 74.4 74.5 74.6 74.7 74.8 74.9 75 75 75 75 75 75 75
#ShortPine# 1 2 2.5 3 4 4.5 5 5.5 6 7 7.5 8 9 10 11 11.5 12 12.5 13 14 14.5 15 15.5 16 17 18 19 20 21 22 22.5 23 24 25 26 26.5 27 27.5 28 29 30 31 32 33 34 35 36 37 38 39 40 41 42 43 44 44.5 45 45.5 46 46.5 47 47.5 48 49 50 50.5 51 51.5 52 53 53.5 54 54.5 55 56 56.5 57 57.5 58 59 59.5 60 60.5 61 61.5 62 62.5 63 63.5 64 64.5 65 65.5 66 66.5 67 67.5 68 68.5 70 
#Blackoak# 1 2 2.5 3 4 4.5 5 5.5 6 7 7.5 8 9 10 11 11.5 12 12.5 13 14 14.5 15 15.5 16 17 18 19 20 21 22 22.5 23 24 25 26 27 28 29 30 31 32 33 34 35 36 37 38 39 40 41 42 43 44 45 46 47 49 50 51 52 52.5 53 54 55.5 56 56.5 57 57.5 58 58.5 59 59.5 59.8 60 60 
#PostOak# 1 2 2.5 3 4 4.5 5 6 7 8 8.5 9 10 11 12 12.5 13 14 15 16 16.5 17 18 19 20 20.5 21 22 23 24 25 25.5 26 26.5 27 27.5 28 29 30 31 32 33 34 35 36 37 38 39 39.5 40 40.5 41 41.5 42 43 44 45 46 47 48 48.5 49 49.5 50 51 51.5 52 52.5 53 53.5 54 54.5 55 55.5 56 56.5 57 57.5 58 58.5 59 59.5 60 60.5 61 61.3 61.6 61.9 62.2 62.5 62.8 63.1 63.4 63.7 64 64.2 64.4 64.6 64.8 65 65.2 65.4 65.6 65.8 66 66.2 66.4 66.6 66.8 67 67.2 67.4 67.6 67.8 68 68.2 68.4 68.6 68.8 69 69.2 69.4 69.6 69.8 70 
#ScarletOak# 1 2 2.5 3 4 4.5 5 5.5 6 7 7.5 8 9 10 11 11.5 12 12.5 13 14 14.5 15 15.5 16 17 18 19 20 21 22 22.5 23 24 25 26 27 28 29 30 31 32 33 34 35 36 37 38 39 40 41 42 43 44 45 46 47 49 50 51 52 52.5 53 54 55.5 56 56.5 57 57.5 58 58.5 59 59.5 59.8 60 60 
#RedCedar# 1 2 2.5 3 4 5 6 7 8 9 9.5 10 11 12 13 13.5 14 15 16 17 18 19 20 21 22 23 24 25 26 27 28 29 30 31 31.5 32 33 34 35 36 36.5 37 37.5 38 38.5 39 39.5 40 40.5 41 41.5 42 42.5 43 43.5 44 44.5 45 45.3 45.6 45.9 46.2 46.5 46.8 47.1 47.4 47.7 48 48.3 48.6 48.9 49.2 49.5 49.8 50.1 50.4 50.7 51 51.3 51.6 51.8 52 52.2 52.4 52.6 52.8 53 53.2 53.4 53.6 53.8 54 54.2 54.4 54.6 54.8 55 55.2 55.4 55.6 55.8 56 56.2 56.4 56.6 56.8 57 57.2 57.4 57.6 57.8 58 58.2 58.4 58.6 58.8 59 59.2 59.4 59.6 59.8 60 60.2 60.4 60.6 60.8 61 61.2 61.4 61.6 61.8 62 62.2 62.4 62.6 62.8 63 63.2 63.4 63.6 63.8 64 64.2 64.4 64.6 64.7 64.8 64.9 65 65
#northernRO# 1 2 2.5 3 4 4.5 5 6 7 8 9 10 11 12 13 14 15 17 18 19 20 21 22 23 24 24.5 25 26 27 28 29 30 31 32 33 33.5 34 35 36 37 38 39 40 41 42 42.5 43 43.5 44 44.5 45 45.5 46 46.5 47 47.5 48 48.5 49 49.5 50 50.5 51 51.5 52 52.5 53 53.5 54 54.5 55 55.5 56 56.5 57 57.5 58 58.5 59 59.5 60 60.5 61 61.5 62 62.3 62.6 62.9 63.2 63.5 63.8 64.1 64.4 64.7 65 65 65 65 65 65 
#MockHick# 1 2 2.5 3 4 4.5 5 6 7 8 8.5 9 10 11 12 12.5 13 14 15 16 17 18 19 20 21 22 23 24 25 26 27 28 29 30 31 32 33 34 35 36 36.5 37 37.5 38 38.5 39 39.5 40 40.5 41 42 42.5 43 44 45 45.5 46 46.5 47 47.5 48 48.5 49 49.5 50 50.5 51 51.5 52 52.5 53 53.5 54 54.5 55 55.5 56 56.5 57 57.5 58 58.5 59 59.5 60 60.5 61 61.3 61.6 61.9 62.2 62.5 62.8 63.1 63.4 63.7 64 64.3 64.6 65 
#SugarMaple# 1 2 2.5 3 4 5 6 7 8 9 9.5 10 11 12 13 13.5 14 15 16 17 17.5 18 19 20 21 22 23 24 25 26 27 28 29 30 31 32 33 34 35 36 37 38 39 40 41 42 43 44 45 46 47 48 49 49.5 50 50.5 51 51.5 52 52.5 53 53.5 54 54.5 55 55.5 56 56.5 57 57.5 58 58.5 59 59.5 60 60.5 61 61.5 62 62.3 62.6 62.9 63.2 63.5 63.8 64.1 64.4 64.7 65 65.3 65.6 65.9 66.2 66.5 66.8 67.1 67.4 67.7 68 68.2 68.4 68.6 68.8 69 69.2 69.4 69.6 69.8 70 70.2 70.4 70.6 70.8 71 71.2 71.4 71.6 71.8 72 72.2 72.4 72.6 72.8 73 73.1 73.2 73.3 73.4 73.5 73.6 73.7 73.8 73.9 74 74.1 74.2 74.3 74.4 74.5 74.6 74.7 74.8 74.9 75 75 75 75 75 75 75
#redmaple# 1 2 2.5 3 4 4.5 5 5.5 6 7 7.5 8 9 10 11 11.5 12 12.5 13 14 14.5 15 15.5 16 17 18 19 20 21 22 22.5 23 24 25 26 27 28 29 30 31 32 33 34 35 36 37 38 39 40 41 42 43 44 45 46 47 49 50 51 52 52.5 53 54 55.5 56 56.5 57 57.5 58 58.5 59 59.5 59.8 60 60 
#Blackcherry# 1 2 2.5 3 4 4.5 5 5.5 6 7 7.5 8 9 10 11 11.5 12 12.5 13 14 14.5 15 15.5 16 17 18 19 20 21 22 22.5 23 24 25 26 27 28 29 30 31 32 33 34 35 36 37 38 39 40 41 42 43 44 45 46 47 49 50 51 52 52.5 53 54 55.5 56 56.5 57 57.5 58 58.5 59 59.5 59.8 60 60 
#PseudoSpp# 1 1.5 2 2.5 3 3.4 3.8 4.2 5 6 6.5 7 8 9 10 10.5 11 11.5 12 13 13.5 14 14.5 15 16 17 18 19 20 21 21.5 22 23 24 25 26 27 28 29 30 31 32 33 33.5 34 34.5 35 35.5 36 37 37.5 38 38.5 39 40 40.5 41 41.5 42 42.5 43 43.5 44 44.5 45 45.5 46 46.5 47 47.5 48 48.5 49 49.5 50 50.4 50.8 51.2 51.6 52 52.4 52.8 53.2 53.6 54 54.4 54.8 55.2 55.6 56 56.4 56.8 57.2 57.6 58 58.4 58.8 59.2 59.6 60 

#Landtype6#
 #2 4 6 8 10 12 14 16 18 20 22 24 26 28 30 32 34 36 38 40 42 44 46 48 50 52 54 56 58 60 62 64 66 68 70 72 74 76 78 80 82 84 86 88 90 92 94 96 98 100 102 104 106 108 110 112 114 116 118 120 122 124 126 128 130 132 134 136 138 140 142 144 146 148 150 152 154 156 158 160 162 164 166 168 170 172 174 176 178 180 182 184 186 188 190 192 194 196 198 200 202 204 206 208 210 212 214 216 218 220 222 224 226 228 230 232 234 236 238 240 242 244 246 248 250 252 254 256 258 260 262 264 266 268 270 272 274 276 278 280 282 284 286 288 290 292 294 296 298 300#
#whiteoak# 1 2 2.5 3 4 4.5 5 6 7 8 8.5 9 10 11 12 12.5 13 14 15 16 16.5 17 18 19 20 21 22 23 24 25 26 27 28 29 30 31 32 33 34 35 36 37 38 39 40 41 42 43 44 45 46 47 48 49 50 50.5 51 51.5 52 52.5 53 53.5 54 54.5 55 55.5 56 56.5 57 57.5 58 58.5 59 59.5 60 60.5 61 61.5 62 62.3 62.6 62.9 63.2 63.5 63.8 64.1 64.4 64.7 65 65.3 65.6 65.9 66.2 66.5 66.8 67.1 67.4 67.7 68 68.2 68.4 68.6 68.8 69 69.2 69.4 69.6 69.8 70 70.2 70.4 70.6 70.8 71 71.2 71.4 71.6 71.8 72 72.2 72.4 72.6 72.8 73 73.1 73.2 73.3 73.4 73.5 73.6 73.7 73.8 73.9 74 74.1 74.2 74.3 74.4 74.5 74.6 74.7 74.8 74.9 75 75 75 75 75 75 75
#ShortPine# 1 2 2.5 3 4 4.5 5 5.5 6 7 7.5 8 9 10 11 11.5 12 12.5 13 14 14.5 15 15.5 16 17 18 19 20 21 22 22.5 23 24 25 26 26.5 27 27.5 28 29 30 31 32 33 34 35 36 37 38 39 40 41 42 43 44 44.5 45 45.5 46 46.5 47 47.5 48 49 50 50.5 51 51.5 52 53 53.5 54 54.5 55 56 56.5 57 57.5 58 59 59.5 60 60.5 61 61.5 62 62.5 63 63.5 64 64.5 65 65.5 66 66.5 67 67.5 68 68.5 70 
#Blackoak# 1 2 2.5 3 4 4.5 5 5.5 6 7 7.5 8 9 10 11 11.5 12 12.5 13 14 14.5 15 15.5 16 17 18 19 20 21 22 22.5 23 24 25 26 27 28 29 30 31 32 33 34 35 36 37 38 39 40 41 42 43 44 45 46 47 49 50 51 52 52.5 53 54 55.5 56 56.5 57 57.5 58 58.5 59 59.5 59.8 60 60 
#PostOak# 1 2 2.5 3 4 4.5 5 6 7 8 8.5 9 10 11 12 12.5 13 14 15 16 16.5 17 18 19 20 20.5 21 22 23 24 25 25.5 26 26.5 27 27.5 28 29 30 31 32 33 34 35 36 37 38 39 39.5 40 40.5 41 41.5 42 43 44 45 46 47 48 48.5 49 49.5 50 51 51.5 52 52.5 53 53.5 54 54.5 55 55.5 56 56.5 57 57.5 58 58.5 59 59.5 60 60.5 61 61.3 61.6 61.9 62.2 62.5 62.8 63.1 63.4 63.7 64 64.2 64.4 64.6 64.8 65 65.2 65.4 65.6 65.8 66 66.2 66.4 66.6 66.8 67 67.2 67.4 67.6 67.8 68 68.2 68.4 68.6 68.8 69 69.2 69.4 69.6 69.8 70 
#ScarletOak# 1 2 2.5 3 4 4.5 5 5.5 6 7 7.5 8 9 10 11 11.5 12 12.5 13 14 14.5 15 15.5 16 17 18 19 20 21 22 22.5 23 24 25 26 27 28 29 30 31 32 33 34 35 36 37 38 39 40 41 42 43 44 45 46 47 49 50 51 52 52.5 53 54 55.5 56 56.5 57 57.5 58 58.5 59 59.5 59.8 60 60 
#RedCedar# 1 2 2.5 3 4 5 6 7 8 9 9.5 10 11 12 13 13.5 14 15 16 17 18 19 20 21 22 23 24 25 26 27 28 29 30 31 31.5 32 33 34 35 36 36.5 37 37.5 38 38.5 39 39.5 40 40.5 41 41.5 42 42.5 43 43.5 44 44.5 45 45.3 45.6 45.9 46.2 46.5 46.8 47.1 47.4 47.7 48 48.3 48.6 48.9 49.2 49.5 49.8 50.1 50.4 50.7 51 51.3 51.6 51.8 52 52.2 52.4 52.6 52.8 53 53.2 53.4 53.6 53.8 54 54.2 54.4 54.6 54.8 55 55.2 55.4 55.6 55.8 56 56.2 56.4 56.6 56.8 57 57.2 57.4 57.6 57.8 58 58.2 58.4 58.6 58.8 59 59.2 59.4 59.6 59.8 60 60.2 60.4 60.6 60.8 61 61.2 61.4 61.6 61.8 62 62.2 62.4 62.6 62.8 63 63.2 63.4 63.6 63.8 64 64.2 64.4 64.6 64.7 64.8 64.9 65 65
#northernRO# 1 2 2.5 3 4 4.5 5 6 7 8 9 10 11 12 13 14 15 17 18 19 20 21 22 23 24 24.5 25 26 27 28 29 30 31 32 33 33.5 34 35 36 37 38 39 40 41 42 42.5 43 43.5 44 44.5 45 45.5 46 46.5 47 47.5 48 48.5 49 49.5 50 50.5 51 51.5 52 52.5 53 53.5 54 54.5 55 55.5 56 56.5 57 57.5 58 58.5 59 59.5 60 60.5 61 61.5 62 62.3 62.6 62.9 63.2 63.5 63.8 64.1 64.4 64.7 65 65 65 65 65 65 
#MockHick# 1 2 2.5 3 4 4.5 5 6 7 8 8.5 9 10 11 12 12.5 13 14 15 16 17 18 19 20 21 22 23 24 25 26 27 28 29 30 31 32 33 34 35 36 36.5 37 37.5 38 38.5 39 39.5 40 40.5 41 42 42.5 43 44 45 45.5 46 46.5 47 47.5 48 48.5 49 49.5 50 50.5 51 51.5 52 52.5 53 53.5 54 54.5 55 55.5 56 56.5 57 57.5 58 58.5 59 59.5 60 60.5 61 61.3 61.6 61.9 62.2 62.5 62.8 63.1 63.4 63.7 64 64.3 64.6 65 
#SugarMaple# 1 2 2.5 3 4 5 6 7 8 9 9.5 10 11 12 13 13.5 14 15 16 17 17.5 18 19 20 21 22 23 24 25 26 27 28 29 30 31 32 33 34 35 36 37 38 39 40 41 42 43 44 45 46 47 48 49 49.5 50 50.5 51 51.5 52 52.5 53 53.5 54 54.5 55 55.5 56 56.5 57 57.5 58 58.5 59 59.5 60 60.5 61 61.5 62 62.3 62.6 62.9 63.2 63.5 63.8 64.1 64.4 64.7 65 65.3 65.6 65.9 66.2 66.5 66.8 67.1 67.4 67.7 68 68.2 68.4 68.6 68.8 69 69.2 69.4 69.6 69.8 70 70.2 70.4 70.6 70.8 71 71.2 71.4 71.6 71.8 72 72.2 72.4 72.6 72.8 73 73.1 73.2 73.3 73.4 73.5 73.6 73.7 73.8 73.9 74 74.1 74.2 74.3 74.4 74.5 74.6 74.7 74.8 74.9 75 75 75 75 75 75 75
#redmaple# 1 2 2.5 3 4 4.5 5 5.5 6 7 7.5 8 9 10 11 11.5 12 12.5 13 14 14.5 15 15.5 16 17 18 19 20 21 22 22.5 23 24 25 26 27 28 29 30 31 32 33 34 35 36 37 38 39 40 41 42 43 44 45 46 47 49 50 51 52 52.5 53 54 55.5 56 56.5 57 57.5 58 58.5 59 59.5 59.8 60 60 
#Blackcherry# 1 2 2.5 3 4 4.5 5 5.5 6 7 7.5 8 9 10 11 11.5 12 12.5 13 14 14.5 15 15.5 16 17 18 19 20 21 22 22.5 23 24 25 26 27 28 29 30 31 32 33 34 35 36 37 38 39 40 41 42 43 44 45 46 47 49 50 51 52 52.5 53 54 55.5 56 56.5 57 57.5 58 58.5 59 59.5 59.8 60 60 
#PseudoSpp# 1 1.5 2 2.5 3 3.4 3.8 4.2 5 6 6.5 7 8 9 10 10.5 11 11.5 12 13 13.5 14 14.5 15 16 17 18 19 20 21 21.5 22 23 24 25 26 27 28 29 30 31 32 33 33.5 34 34.5 35 35.5 36 37 37.5 38 38.5 39 40 40.5 41 41.5 42 42.5 43 43.5 44 44.5 45 45.5 46 46.5 47 47.5 48 48.5 49 49.5 50 50.4 50.8 51.2 51.6 52 52.4 52.8 53.2 53.6 54 54.4 54.8 55.2 55.6 56 56.4 56.8 57.2 57.6 58 58.4 58.8 59.2 59.6 60 
 
#Landtype7#
  #2 4 6 8 10 12 14 16 18 20 22 24 26 28 30 32 34 36 38 40 42 44 46 48 50 52 54 56 58 60 62 64 66 68 70 72 74 76 78 80 82 84 86 88 90 92 94 96 98 100 102 104 106 108 110 112 114 116 118 120 122 124 126 128 130 132 134 136 138 140 142 144 146 148 150 152 154 156 158 160 162 164 166 168 170 172 174 176 178 180 182 184 186 188 190 192 194 196 198 200 202 204 206 208 210 212 214 216 218 220 222 224 226 228 230 232 234 236 238 240 242 244 246 248 250 252 254 256 258 260 262 264 266 268 270 272 274 276 278 280 282 284 286 288 290 292 294 296 298 300#
#whiteoak# 1 2 2.5 3 4 4.5 5 6 7 8 8.5 9 10 11 12 12.5 13 14 15 16 16.5 17 18 19 20 21 22 23 24 25 26 27 28 29 30 31 32 33 34 35 36 37 38 39 40 41 42 43 44 45 46 47 48 49 50 50.5 51 51.5 52 52.5 53 53.5 54 54.5 55 55.5 56 56.5 57 57.5 58 58.5 59 59.5 60 60.5 61 61.5 62 62.3 62.6 62.9 63.2 63.5 63.8 64.1 64.4 64.7 65 65.3 65.6 65.9 66.2 66.5 66.8 67.1 67.4 67.7 68 68.2 68.4 68.6 68.8 69 69.2 69.4 69.6 69.8 70 70.2 70.4 70.6 70.8 71 71.2 71.4 71.6 71.8 72 72.2 72.4 72.6 72.8 73 73.1 73.2 73.3 73.4 73.5 73.6 73.7 73.8 73.9 74 74.1 74.2 74.3 74.4 74.5 74.6 74.7 74.8 74.9 75 75 75 75 75 75 75
#ShortPine# 1 2 2.5 3 4 4.5 5 5.5 6 7 7.5 8 9 10 11 11.5 12 12.5 13 14 14.5 15 15.5 16 17 18 19 20 21 22 22.5 23 24 25 26 26.5 27 27.5 28 29 30 31 32 33 34 35 36 37 38 39 40 41 42 43 44 44.5 45 45.5 46 46.5 47 47.5 48 49 50 50.5 51 51.5 52 53 53.5 54 54.5 55 56 56.5 57 57.5 58 59 59.5 60 60.5 61 61.5 62 62.5 63 63.5 64 64.5 65 65.5 66 66.5 67 67.5 68 68.5 70 
#Blackoak# 1 2 2.5 3 4 4.5 5 5.5 6 7 7.5 8 9 10 11 11.5 12 12.5 13 14 14.5 15 15.5 16 17 18 19 20 21 22 22.5 23 24 25 26 27 28 29 30 31 32 33 34 35 36 37 38 39 40 41 42 43 44 45 46 47 49 50 51 52 52.5 53 54 55.5 56 56.5 57 57.5 58 58.5 59 59.5 59.8 60 60 
#PostOak# 1 2 2.5 3 4 4.5 5 6 7 8 8.5 9 10 11 12 12.5 13 14 15 16 16.5 17 18 19 20 20.5 21 22 23 24 25 25.5 26 26.5 27 27.5 28 29 30 31 32 33 34 35 36 37 38 39 39.5 40 40.5 41 41.5 42 43 44 45 46 47 48 48.5 49 49.5 50 51 51.5 52 52.5 53 53.5 54 54.5 55 55.5 56 56.5 57 57.5 58 58.5 59 59.5 60 60.5 61 61.3 61.6 61.9 62.2 62.5 62.8 63.1 63.4 63.7 64 64.2 64.4 64.6 64.8 65 65.2 65.4 65.6 65.8 66 66.2 66.4 66.6 66.8 67 67.2 67.4 67.6 67.8 68 68.2 68.4 68.6 68.8 69 69.2 69.4 69.6 69.8 70 
#ScarletOak# 1 2 2.5 3 4 4.5 5 5.5 6 7 7.5 8 9 10 11 11.5 12 12.5 13 14 14.5 15 15.5 16 17 18 19 20 21 22 22.5 23 24 25 26 27 28 29 30 31 32 33 34 35 36 37 38 39 40 41 42 43 44 45 46 47 49 50 51 52 52.5 53 54 55.5 56 56.5 57 57.5 58 58.5 59 59.5 59.8 60 60 
#RedCedar# 1 2 2.5 3 4 5 6 7 8 9 9.5 10 11 12 13 13.5 14 15 16 17 18 19 20 21 22 23 24 25 26 27 28 29 30 31 31.5 32 33 34 35 36 36.5 37 37.5 38 38.5 39 39.5 40 40.5 41 41.5 42 42.5 43 43.5 44 44.5 45 45.3 45.6 45.9 46.2 46.5 46.8 47.1 47.4 47.7 48 48.3 48.6 48.9 49.2 49.5 49.8 50.1 50.4 50.7 51 51.3 51.6 51.8 52 52.2 52.4 52.6 52.8 53 53.2 53.4 53.6 53.8 54 54.2 54.4 54.6 54.8 55 55.2 55.4 55.6 55.8 56 56.2 56.4 56.6 56.8 57 57.2 57.4 57.6 57.8 58 58.2 58.4 58.6 58.8 59 59.2 59.4 59.6 59.8 60 60.2 60.4 60.6 60.8 61 61.2 61.4 61.6 61.8 62 62.2 62.4 62.6 62.8 63 63.2 63.4 63.6 63.8 64 64.2 64.4 64.6 64.7 64.8 64.9 65 65
#northernRO# 1 2 2.5 3 4 4.5 5 6 7 8 9 10 11 12 13 14 15 17 18 19 20 21 22 23 24 24.5 25 26 27 28 29 30 31 32 33 33.5 34 35 36 37 38 39 40 41 42 42.5 43 43.5 44 44.5 45 45.5 46 46.5 47 47.5 48 48.5 49 49.5 50 50.5 51 51.5 52 52.5 53 53.5 54 54.5 55 55.5 56 56.5 57 57.5 58 58.5 59 59.5 60 60.5 61 61.5 62 62.3 62.6 62.9 63.2 63.5 63.8 64.1 64.4 64.7 65 65 65 65 65 65 
#MockHick# 1 2 2.5 3 4 4.5 5 6 7 8 8.5 9 10 11 12 12.5 13 14 15 16 17 18 19 20 21 22 23 24 25 26 27 28 29 30 31 32 33 34 35 36 36.5 37 37.5 38 38.5 39 39.5 40 40.5 41 42 42.5 43 44 45 45.5 46 46.5 47 47.5 48 48.5 49 49.5 50 50.5 51 51.5 52 52.5 53 53.5 54 54.5 55 55.5 56 56.5 57 57.5 58 58.5 59 59.5 60 60.5 61 61.3 61.6 61.9 62.2 62.5 62.8 63.1 63.4 63.7 64 64.3 64.6 65 
#SugarMaple# 1 2 2.5 3 4 5 6 7 8 9 9.5 10 11 12 13 13.5 14 15 16 17 17.5 18 19 20 21 22 23 24 25 26 27 28 29 30 31 32 33 34 35 36 37 38 39 40 41 42 43 44 45 46 47 48 49 49.5 50 50.5 51 51.5 52 52.5 53 53.5 54 54.5 55 55.5 56 56.5 57 57.5 58 58.5 59 59.5 60 60.5 61 61.5 62 62.3 62.6 62.9 63.2 63.5 63.8 64.1 64.4 64.7 65 65.3 65.6 65.9 66.2 66.5 66.8 67.1 67.4 67.7 68 68.2 68.4 68.6 68.8 69 69.2 69.4 69.6 69.8 70 70.2 70.4 70.6 70.8 71 71.2 71.4 71.6 71.8 72 72.2 72.4 72.6 72.8 73 73.1 73.2 73.3 73.4 73.5 73.6 73.7 73.8 73.9 74 74.1 74.2 74.3 74.4 74.5 74.6 74.7 74.8 74.9 75 75 75 75 75 75 75
#redmaple# 1 2 2.5 3 4 4.5 5 5.5 6 7 7.5 8 9 10 11 11.5 12 12.5 13 14 14.5 15 15.5 16 17 18 19 20 21 22 22.5 23 24 25 26 27 28 29 30 31 32 33 34 35 36 37 38 39 40 41 42 43 44 45 46 47 49 50 51 52 52.5 53 54 55.5 56 56.5 57 57.5 58 58.5 59 59.5 59.8 60 60 
#Blackcherry# 1 2 2.5 3 4 4.5 5 5.5 6 7 7.5 8 9 10 11 11.5 12 12.5 13 14 14.5 15 15.5 16 17 18 19 20 21 22 22.5 23 24 25 26 27 28 29 30 31 32 33 34 35 36 37 38 39 40 41 42 43 44 45 46 47 49 50 51 52 52.5 53 54 55.5 56 56.5 57 57.5 58 58.5 59 59.5 59.8 60 60 
#PseudoSpp# 1 1.5 2 2.5 3 3.4 3.8 4.2 5 6 6.5 7 8 9 10 10.5 11 11.5 12 13 13.5 14 14.5 15 16 17 18 19 20 21 21.5 22 23 24 25 26 27 28 29 30 31 32 33 33.5 34 34.5 35 35.5 36 37 37.5 38 38.5 39 40 40.5 41 41.5 42 42.5 43 43.5 44 44.5 45 45.5 46 46.5 47 47.5 48 48.5 49 49.5 50 50.4 50.8 51.2 51.6 52 52.4 52.8 53.2 53.6 54 54.4 54.8 55.2 55.6 56 56.4 56.8 57.2 57.6 58 58.4 58.8 59.2 59.6 60 
 
#Landtype8#
  #2 4 6 8 10 12 14 16 18 20 22 24 26 28 30 32 34 36 38 40 42 44 46 48 50 52 54 56 58 60 62 64 66 68 70 72 74 76 78 80 82 84 86 88 90 92 94 96 98 100 102 104 106 108 110 112 114 116 118 120 122 124 126 128 130 132 134 136 138 140 142 144 146 148 150 152 154 156 158 160 162 164 166 168 170 172 174 176 178 180 182 184 186 188 190 192 194 196 198 200 202 204 206 208 210 212 214 216 218 220 222 224 226 228 230 232 234 236 238 240 242 244 246 248 250 252 254 256 258 260 262 264 266 268 270 272 274 276 278 280 282 284 286 288 290 292 294 296 298 300#
#whiteoak# 1 2 2.5 3 4 4.5 5 6 7 8 8.5 9 10 11 12 12.5 13 14 15 16 16.5 17 18 19 20 21 22 23 24 25 26 27 28 29 30 31 32 33 34 35 36 37 38 39 40 41 42 43 44 45 46 47 48 49 50 50.5 51 51.5 52 52.5 53 53.5 54 54.5 55 55.5 56 56.5 57 57.5 58 58.5 59 59.5 60 60.5 61 61.5 62 62.3 62.6 62.9 63.2 63.5 63.8 64.1 64.4 64.7 65 65.3 65.6 65.9 66.2 66.5 66.8 67.1 67.4 67.7 68 68.2 68.4 68.6 68.8 69 69.2 69.4 69.6 69.8 70 70.2 70.4 70.6 70.8 71 71.2 71.4 71.6 71.8 72 72.2 72.4 72.6 72.8 73 73.1 73.2 73.3 73.4 73.5 73.6 73.7 73.8 73.9 74 74.1 74.2 74.3 74.4 74.5 74.6 74.7 74.8 74.9 75 75 75 75 75 75 75
#ShortPine# 1 2 2.5 3 4 4.5 5 5.5 6 7 7.5 8 9 10 11 11.5 12 12.5 13 14 14.5 15 15.5 16 17 18 19 20 21 22 22.5 23 24 25 26 26.5 27 27.5 28 29 30 31 32 33 34 35 36 37 38 39 40 41 42 43 44 44.5 45 45.5 46 46.5 47 47.5 48 49 50 50.5 51 51.5 52 53 53.5 54 54.5 55 56 56.5 57 57.5 58 59 59.5 60 60.5 61 61.5 62 62.5 63 63.5 64 64.5 65 65.5 66 66.5 67 67.5 68 68.5 70 
#Blackoak# 1 2 2.5 3 4 4.5 5 5.5 6 7 7.5 8 9 10 11 11.5 12 12.5 13 14 14.5 15 15.5 16 17 18 19 20 21 22 22.5 23 24 25 26 27 28 29 30 31 32 33 34 35 36 37 38 39 40 41 42 43 44 45 46 47 49 50 51 52 52.5 53 54 55.5 56 56.5 57 57.5 58 58.5 59 59.5 59.8 60 60 
#PostOak# 1 2 2.5 3 4 4.5 5 6 7 8 8.5 9 10 11 12 12.5 13 14 15 16 16.5 17 18 19 20 20.5 21 22 23 24 25 25.5 26 26.5 27 27.5 28 29 30 31 32 33 34 35 36 37 38 39 39.5 40 40.5 41 41.5 42 43 44 45 46 47 48 48.5 49 49.5 50 51 51.5 52 52.5 53 53.5 54 54.5 55 55.5 56 56.5 57 57.5 58 58.5 59 59.5 60 60.5 61 61.3 61.6 61.9 62.2 62.5 62.8 63.1 63.4 63.7 64 64.2 64.4 64.6 64.8 65 65.2 65.4 65.6 65.8 66 66.2 66.4 66.6 66.8 67 67.2 67.4 67.6 67.8 68 68.2 68.4 68.6 68.8 69 69.2 69.4 69.6 69.8 70 
#ScarletOak# 1 2 2.5 3 4 4.5 5 5.5 6 7 7.5 8 9 10 11 11.5 12 12.5 13 14 14.5 15 15.5 16 17 18 19 20 21 22 22.5 23 24 25 26 27 28 29 30 31 32 33 34 35 36 37 38 39 40 41 42 43 44 45 46 47 49 50 51 52 52.5 53 54 55.5 56 56.5 57 57.5 58 58.5 59 59.5 59.8 60 60 
#RedCedar# 1 2 2.5 3 4 5 6 7 8 9 9.5 10 11 12 13 13.5 14 15 16 17 18 19 20 21 22 23 24 25 26 27 28 29 30 31 31.5 32 33 34 35 36 36.5 37 37.5 38 38.5 39 39.5 40 40.5 41 41.5 42 42.5 43 43.5 44 44.5 45 45.3 45.6 45.9 46.2 46.5 46.8 47.1 47.4 47.7 48 48.3 48.6 48.9 49.2 49.5 49.8 50.1 50.4 50.7 51 51.3 51.6 51.8 52 52.2 52.4 52.6 52.8 53 53.2 53.4 53.6 53.8 54 54.2 54.4 54.6 54.8 55 55.2 55.4 55.6 55.8 56 56.2 56.4 56.6 56.8 57 57.2 57.4 57.6 57.8 58 58.2 58.4 58.6 58.8 59 59.2 59.4 59.6 59.8 60 60.2 60.4 60.6 60.8 61 61.2 61.4 61.6 61.8 62 62.2 62.4 62.6 62.8 63 63.2 63.4 63.6 63.8 64 64.2 64.4 64.6 64.7 64.8 64.9 65 65
#northernRO# 1 2 2.5 3 4 4.5 5 6 7 8 9 10 11 12 13 14 15 17 18 19 20 21 22 23 24 24.5 25 26 27 28 29 30 31 32 33 33.5 34 35 36 37 38 39 40 41 42 42.5 43 43.5 44 44.5 45 45.5 46 46.5 47 47.5 48 48.5 49 49.5 50 50.5 51 51.5 52 52.5 53 53.5 54 54.5 55 55.5 56 56.5 57 57.5 58 58.5 59 59.5 60 60.5 61 61.5 62 62.3 62.6 62.9 63.2 63.5 63.8 64.1 64.4 64.7 65 65 65 65 65 65 
#MockHick# 1 2 2.5 3 4 4.5 5 6 7 8 8.5 9 10 11 12 12.5 13 14 15 16 17 18 19 20 21 22 23 24 25 26 27 28 29 30 31 32 33 34 35 36 36.5 37 37.5 38 38.5 39 39.5 40 40.5 41 42 42.5 43 44 45 45.5 46 46.5 47 47.5 48 48.5 49 49.5 50 50.5 51 51.5 52 52.5 53 53.5 54 54.5 55 55.5 56 56.5 57 57.5 58 58.5 59 59.5 60 60.5 61 61.3 61.6 61.9 62.2 62.5 62.8 63.1 63.4 63.7 64 64.3 64.6 65 
#SugarMaple# 1 2 2.5 3 4 5 6 7 8 9 9.5 10 11 12 13 13.5 14 15 16 17 17.5 18 19 20 21 22 23 24 25 26 27 28 29 30 31 32 33 34 35 36 37 38 39 40 41 42 43 44 45 46 47 48 49 49.5 50 50.5 51 51.5 52 52.5 53 53.5 54 54.5 55 55.5 56 56.5 57 57.5 58 58.5 59 59.5 60 60.5 61 61.5 62 62.3 62.6 62.9 63.2 63.5 63.8 64.1 64.4 64.7 65 65.3 65.6 65.9 66.2 66.5 66.8 67.1 67.4 67.7 68 68.2 68.4 68.6 68.8 69 69.2 69.4 69.6 69.8 70 70.2 70.4 70.6 70.8 71 71.2 71.4 71.6 71.8 72 72.2 72.4 72.6 72.8 73 73.1 73.2 73.3 73.4 73.5 73.6 73.7 73.8 73.9 74 74.1 74.2 74.3 74.4 74.5 74.6 74.7 74.8 74.9 75 75 75 75 75 75 75
#redmaple# 1 2 2.5 3 4 4.5 5 5.5 6 7 7.5 8 9 10 11 11.5 12 12.5 13 14 14.5 15 15.5 16 17 18 19 20 21 22 22.5 23 24 25 26 27 28 29 30 31 32 33 34 35 36 37 38 39 40 41 42 43 44 45 46 47 49 50 51 52 52.5 53 54 55.5 56 56.5 57 57.5 58 58.5 59 59.5 59.8 60 60 
#Blackcherry# 1 2 2.5 3 4 4.5 5 5.5 6 7 7.5 8 9 10 11 11.5 12 12.5 13 14 14.5 15 15.5 16 17 18 19 20 21 22 22.5 23 24 25 26 27 28 29 30 31 32 33 34 35 36 37 38 39 40 41 42 43 44 45 46 47 49 50 51 52 52.5 53 54 55.5 56 56.5 57 57.5 58 58.5 59 59.5 59.8 60 60 
#PseudoSpp# 1 1.5 2 2.5 3 3.4 3.8 4.2 5 6 6.5 7 8 9 10 10.5 11 11.5 12 13 13.5 14 14.5 15 16 17 18 19 20 21 21.5 22 23 24 25 26 27 28 29 30 31 32 33 33.5 34 34.5 35 35.5 36 37 37.5 38 38.5 39 40 40.5 41 41.5 42 42.5 43 43.5 44 44.5 45 45.5 46 46.5 47 47.5 48 48.5 49 49.5 50 50.4 50.8 51.2 51.6 52 52.4 52.8 53.2 53.6 54 54.4 54.8 55.2 55.6 56 56.4 56.8 57.2 57.6 58 58.4 58.8 59.2 59.6 60 
 
#Landtype9#
  #2 4 6 8 10 12 14 16 18 20 22 24 26 28 30 32 34 36 38 40 42 44 46 48 50 52 54 56 58 60 62 64 66 68 70 72 74 76 78 80 82 84 86 88 90 92 94 96 98 100 102 104 106 108 110 112 114 116 118 120 122 124 126 128 130 132 134 136 138 140 142 144 146 148 150 152 154 156 158 160 162 164 166 168 170 172 174 176 178 180 182 184 186 188 190 192 194 196 198 200 202 204 206 208 210 212 214 216 218 220 222 224 226 228 230 232 234 236 238 240 242 244 246 248 250 252 254 256 258 260 262 264 266 268 270 272 274 276 278 280 282 284 286 288 290 292 294 296 298 300#
#whiteoak# 1 2 2.5 3 4 4.5 5 6 7 8 8.5 9 10 11 12 12.5 13 14 15 16 16.5 17 18 19 20 21 22 23 24 25 26 27 28 29 30 31 32 33 34 35 36 37 38 39 40 41 42 43 44 45 46 47 48 49 50 50.5 51 51.5 52 52.5 53 53.5 54 54.5 55 55.5 56 56.5 57 57.5 58 58.5 59 59.5 60 60.5 61 61.5 62 62.3 62.6 62.9 63.2 63.5 63.8 64.1 64.4 64.7 65 65.3 65.6 65.9 66.2 66.5 66.8 67.1 67.4 67.7 68 68.2 68.4 68.6 68.8 69 69.2 69.4 69.6 69.8 70 70.2 70.4 70.6 70.8 71 71.2 71.4 71.6 71.8 72 72.2 72.4 72.6 72.8 73 73.1 73.2 73.3 73.4 73.5 73.6 73.7 73.8 73.9 74 74.1 74.2 74.3 74.4 74.5 74.6 74.7 74.8 74.9 75 75 75 75 75 75 75
#ShortPine# 1 2 2.5 3 4 4.5 5 5.5 6 7 7.5 8 9 10 11 11.5 12 12.5 13 14 14.5 15 15.5 16 17 18 19 20 21 22 22.5 23 24 25 26 26.5 27 27.5 28 29 30 31 32 33 34 35 36 37 38 39 40 41 42 43 44 44.5 45 45.5 46 46.5 47 47.5 48 49 50 50.5 51 51.5 52 53 53.5 54 54.5 55 56 56.5 57 57.5 58 59 59.5 60 60.5 61 61.5 62 62.5 63 63.5 64 64.5 65 65.5 66 66.5 67 67.5 68 68.5 70 
#Blackoak# 1 2 2.5 3 4 4.5 5 5.5 6 7 7.5 8 9 10 11 11.5 12 12.5 13 14 14.5 15 15.5 16 17 18 19 20 21 22 22.5 23 24 25 26 27 28 29 30 31 32 33 34 35 36 37 38 39 40 41 42 43 44 45 46 47 49 50 51 52 52.5 53 54 55.5 56 56.5 57 57.5 58 58.5 59 59.5 59.8 60 60 
#PostOak# 1 2 2.5 3 4 4.5 5 6 7 8 8.5 9 10 11 12 12.5 13 14 15 16 16.5 17 18 19 20 20.5 21 22 23 24 25 25.5 26 26.5 27 27.5 28 29 30 31 32 33 34 35 36 37 38 39 39.5 40 40.5 41 41.5 42 43 44 45 46 47 48 48.5 49 49.5 50 51 51.5 52 52.5 53 53.5 54 54.5 55 55.5 56 56.5 57 57.5 58 58.5 59 59.5 60 60.5 61 61.3 61.6 61.9 62.2 62.5 62.8 63.1 63.4 63.7 64 64.2 64.4 64.6 64.8 65 65.2 65.4 65.6 65.8 66 66.2 66.4 66.6 66.8 67 67.2 67.4 67.6 67.8 68 68.2 68.4 68.6 68.8 69 69.2 69.4 69.6 69.8 70 
#ScarletOak# 1 2 2.5 3 4 4.5 5 5.5 6 7 7.5 8 9 10 11 11.5 12 12.5 13 14 14.5 15 15.5 16 17 18 19 20 21 22 22.5 23 24 25 26 27 28 29 30 31 32 33 34 35 36 37 38 39 40 41 42 43 44 45 46 47 49 50 51 52 52.5 53 54 55.5 56 56.5 57 57.5 58 58.5 59 59.5 59.8 60 60 
#RedCedar# 1 2 2.5 3 4 5 6 7 8 9 9.5 10 11 12 13 13.5 14 15 16 17 18 19 20 21 22 23 24 25 26 27 28 29 30 31 31.5 32 33 34 35 36 36.5 37 37.5 38 38.5 39 39.5 40 40.5 41 41.5 42 42.5 43 43.5 44 44.5 45 45.3 45.6 45.9 46.2 46.5 46.8 47.1 47.4 47.7 48 48.3 48.6 48.9 49.2 49.5 49.8 50.1 50.4 50.7 51 51.3 51.6 51.8 52 52.2 52.4 52.6 52.8 53 53.2 53.4 53.6 53.8 54 54.2 54.4 54.6 54.8 55 55.2 55.4 55.6 55.8 56 56.2 56.4 56.6 56.8 57 57.2 57.4 57.6 57.8 58 58.2 58.4 58.6 58.8 59 59.2 59.4 59.6 59.8 60 60.2 60.4 60.6 60.8 61 61.2 61.4 61.6 61.8 62 62.2 62.4 62.6 62.8 63 63.2 63.4 63.6 63.8 64 64.2 64.4 64.6 64.7 64.8 64.9 65 65
#northernRO# 1 2 2.5 3 4 4.5 5 6 7 8 9 10 11 12 13 14 15 17 18 19 20 21 22 23 24 24.5 25 26 27 28 29 30 31 32 33 33.5 34 35 36 37 38 39 40 41 42 42.5 43 43.5 44 44.5 45 45.5 46 46.5 47 47.5 48 48.5 49 49.5 50 50.5 51 51.5 52 52.5 53 53.5 54 54.5 55 55.5 56 56.5 57 57.5 58 58.5 59 59.5 60 60.5 61 61.5 62 62.3 62.6 62.9 63.2 63.5 63.8 64.1 64.4 64.7 65 65 65 65 65 65 
#MockHick# 1 2 2.5 3 4 4.5 5 6 7 8 8.5 9 10 11 12 12.5 13 14 15 16 17 18 19 20 21 22 23 24 25 26 27 28 29 30 31 32 33 34 35 36 36.5 37 37.5 38 38.5 39 39.5 40 40.5 41 42 42.5 43 44 45 45.5 46 46.5 47 47.5 48 48.5 49 49.5 50 50.5 51 51.5 52 52.5 53 53.5 54 54.5 55 55.5 56 56.5 57 57.5 58 58.5 59 59.5 60 60.5 61 61.3 61.6 61.9 62.2 62.5 62.8 63.1 63.4 63.7 64 64.3 64.6 65 
#SugarMaple# 1 2 2.5 3 4 5 6 7 8 9 9.5 10 11 12 13 13.5 14 15 16 17 17.5 18 19 20 21 22 23 24 25 26 27 28 29 30 31 32 33 34 35 36 37 38 39 40 41 42 43 44 45 46 47 48 49 49.5 50 50.5 51 51.5 52 52.5 53 53.5 54 54.5 55 55.5 56 56.5 57 57.5 58 58.5 59 59.5 60 60.5 61 61.5 62 62.3 62.6 62.9 63.2 63.5 63.8 64.1 64.4 64.7 65 65.3 65.6 65.9 66.2 66.5 66.8 67.1 67.4 67.7 68 68.2 68.4 68.6 68.8 69 69.2 69.4 69.6 69.8 70 70.2 70.4 70.6 70.8 71 71.2 71.4 71.6 71.8 72 72.2 72.4 72.6 72.8 73 73.1 73.2 73.3 73.4 73.5 73.6 73.7 73.8 73.9 74 74.1 74.2 74.3 74.4 74.5 74.6 74.7 74.8 74.9 75 75 75 75 75 75 75
#redmaple# 1 2 2.5 3 4 4.5 5 5.5 6 7 7.5 8 9 10 11 11.5 12 12.5 13 14 14.5 15 15.5 16 17 18 19 20 21 22 22.5 23 24 25 26 27 28 29 30 31 32 33 34 35 36 37 38 39 40 41 42 43 44 45 46 47 49 50 51 52 52.5 53 54 55.5 56 56.5 57 57.5 58 58.5 59 59.5 59.8 60 60 
#Blackcherry# 1 2 2.5 3 4 4.5 5 5.5 6 7 7.5 8 9 10 11 11.5 12 12.5 13 14 14.5 15 15.5 16 17 18 19 20 21 22 22.5 23 24 25 26 27 28 29 30 31 32 33 34 35 36 37 38 39 40 41 42 43 44 45 46 47 49 50 51 52 52.5 53 54 55.5 56 56.5 57 57.5 58 58.5 59 59.5 59.8 60 60 
#PseudoSpp# 1 1.5 2 2.5 3 3.4 3.8 4.2 5 6 6.5 7 8 9 10 10.5 11 11.5 12 13 13.5 14 14.5 15 16 17 18 19 20 21 21.5 22 23 24 25 26 27 28 29 30 31 32 33 33.5 34 34.5 35 35.5 36 37 37.5 38 38.5 39 40 40.5 41 41.5 42 42.5 43 43.5 44 44.5 45 45.5 46 46.5 47 47.5 48 48.5 49 49.5 50 50.4 50.8 51.2 51.6 52 52.4 52.8 53.2 53.6 54 54.4 54.8 55.2 55.6 56 56.4 56.8 57.2 57.6 58 58.4 58.8 59.2 59.6 60 
 
#Landtype10#
  #2 4 6 8 10 12 14 16 18 20 22 24 26 28 30 32 34 36 38 40 42 44 46 48 50 52 54 56 58 60 62 64 66 68 70 72 74 76 78 80 82 84 86 88 90 92 94 96 98 100 102 104 106 108 110 112 114 116 118 120 122 124 126 128 130 132 134 136 138 140 142 144 146 148 150 152 154 156 158 160 162 164 166 168 170 172 174 176 178 180 182 184 186 188 190 192 194 196 198 200 202 204 206 208 210 212 214 216 218 220 222 224 226 228 230 232 234 236 238 240 242 244 246 248 250 252 254 256 258 260 262 264 266 268 270 272 274 276 278 280 282 284 286 288 290 292 294 296 298 300#
#whiteoak# 1 2 2.5 3 4 4.5 5 6 7 8 8.5 9 10 11 12 12.5 13 14 15 16 16.5 17 18 19 20 21 22 23 24 25 26 27 28 29 30 31 32 33 34 35 36 37 38 39 40 41 42 43 44 45 46 47 48 49 50 50.5 51 51.5 52 52.5 53 53.5 54 54.5 55 55.5 56 56.5 57 57.5 58 58.5 59 59.5 60 60.5 61 61.5 62 62.3 62.6 62.9 63.2 63.5 63.8 64.1 64.4 64.7 65 65.3 65.6 65.9 66.2 66.5 66.8 67.1 67.4 67.7 68 68.2 68.4 68.6 68.8 69 69.2 69.4 69.6 69.8 70 70.2 70.4 70.6 70.8 71 71.2 71.4 71.6 71.8 72 72.2 72.4 72.6 72.8 73 73.1 73.2 73.3 73.4 73.5 73.6 73.7 73.8 73.9 74 74.1 74.2 74.3 74.4 74.5 74.6 74.7 74.8 74.9 75 75 75 75 75 75 75
#ShortPine# 1 2 2.5 3 4 4.5 5 5.5 6 7 7.5 8 9 10 11 11.5 12 12.5 13 14 14.5 15 15.5 16 17 18 19 20 21 22 22.5 23 24 25 26 26.5 27 27.5 28 29 30 31 32 33 34 35 36 37 38 39 40 41 42 43 44 44.5 45 45.5 46 46.5 47 47.5 48 49 50 50.5 51 51.5 52 53 53.5 54 54.5 55 56 56.5 57 57.5 58 59 59.5 60 60.5 61 61.5 62 62.5 63 63.5 64 64.5 65 65.5 66 66.5 67 67.5 68 68.5 70 
#Blackoak# 1 2 2.5 3 4 4.5 5 5.5 6 7 7.5 8 9 10 11 11.5 12 12.5 13 14 14.5 15 15.5 16 17 18 19 20 21 22 22.5 23 24 25 26 27 28 29 30 31 32 33 34 35 36 37 38 39 40 41 42 43 44 45 46 47 49 50 51 52 52.5 53 54 55.5 56 56.5 57 57.5 58 58.5 59 59.5 59.8 60 60 
#PostOak# 1 2 2.5 3 4 4.5 5 6 7 8 8.5 9 10 11 12 12.5 13 14 15 16 16.5 17 18 19 20 20.5 21 22 23 24 25 25.5 26 26.5 27 27.5 28 29 30 31 32 33 34 35 36 37 38 39 39.5 40 40.5 41 41.5 42 43 44 45 46 47 48 48.5 49 49.5 50 51 51.5 52 52.5 53 53.5 54 54.5 55 55.5 56 56.5 57 57.5 58 58.5 59 59.5 60 60.5 61 61.3 61.6 61.9 62.2 62.5 62.8 63.1 63.4 63.7 64 64.2 64.4 64.6 64.8 65 65.2 65.4 65.6 65.8 66 66.2 66.4 66.6 66.8 67 67.2 67.4 67.6 67.8 68 68.2 68.4 68.6 68.8 69 69.2 69.4 69.6 69.8 70 
#ScarletOak# 1 2 2.5 3 4 4.5 5 5.5 6 7 7.5 8 9 10 11 11.5 12 12.5 13 14 14.5 15 15.5 16 17 18 19 20 21 22 22.5 23 24 25 26 27 28 29 30 31 32 33 34 35 36 37 38 39 40 41 42 43 44 45 46 47 49 50 51 52 52.5 53 54 55.5 56 56.5 57 57.5 58 58.5 59 59.5 59.8 60 60 
#RedCedar# 1 2 2.5 3 4 5 6 7 8 9 9.5 10 11 12 13 13.5 14 15 16 17 18 19 20 21 22 23 24 25 26 27 28 29 30 31 31.5 32 33 34 35 36 36.5 37 37.5 38 38.5 39 39.5 40 40.5 41 41.5 42 42.5 43 43.5 44 44.5 45 45.3 45.6 45.9 46.2 46.5 46.8 47.1 47.4 47.7 48 48.3 48.6 48.9 49.2 49.5 49.8 50.1 50.4 50.7 51 51.3 51.6 51.8 52 52.2 52.4 52.6 52.8 53 53.2 53.4 53.6 53.8 54 54.2 54.4 54.6 54.8 55 55.2 55.4 55.6 55.8 56 56.2 56.4 56.6 56.8 57 57.2 57.4 57.6 57.8 58 58.2 58.4 58.6 58.8 59 59.2 59.4 59.6 59.8 60 60.2 60.4 60.6 60.8 61 61.2 61.4 61.6 61.8 62 62.2 62.4 62.6 62.8 63 63.2 63.4 63.6 63.8 64 64.2 64.4 64.6 64.7 64.8 64.9 65 65
#northernRO# 1 2 2.5 3 4 4.5 5 6 7 8 9 10 11 12 13 14 15 17 18 19 20 21 22 23 24 24.5 25 26 27 28 29 30 31 32 33 33.5 34 35 36 37 38 39 40 41 42 42.5 43 43.5 44 44.5 45 45.5 46 46.5 47 47.5 48 48.5 49 49.5 50 50.5 51 51.5 52 52.5 53 53.5 54 54.5 55 55.5 56 56.5 57 57.5 58 58.5 59 59.5 60 60.5 61 61.5 62 62.3 62.6 62.9 63.2 63.5 63.8 64.1 64.4 64.7 65 65 65 65 65 65 
#MockHick# 1 2 2.5 3 4 4.5 5 6 7 8 8.5 9 10 11 12 12.5 13 14 15 16 17 18 19 20 21 22 23 24 25 26 27 28 29 30 31 32 33 34 35 36 36.5 37 37.5 38 38.5 39 39.5 40 40.5 41 42 42.5 43 44 45 45.5 46 46.5 47 47.5 48 48.5 49 49.5 50 50.5 51 51.5 52 52.5 53 53.5 54 54.5 55 55.5 56 56.5 57 57.5 58 58.5 59 59.5 60 60.5 61 61.3 61.6 61.9 62.2 62.5 62.8 63.1 63.4 63.7 64 64.3 64.6 65 
#SugarMaple# 1 2 2.5 3 4 5 6 7 8 9 9.5 10 11 12 13 13.5 14 15 16 17 17.5 18 19 20 21 22 23 24 25 26 27 28 29 30 31 32 33 34 35 36 37 38 39 40 41 42 43 44 45 46 47 48 49 49.5 50 50.5 51 51.5 52 52.5 53 53.5 54 54.5 55 55.5 56 56.5 57 57.5 58 58.5 59 59.5 60 60.5 61 61.5 62 62.3 62.6 62.9 63.2 63.5 63.8 64.1 64.4 64.7 65 65.3 65.6 65.9 66.2 66.5 66.8 67.1 67.4 67.7 68 68.2 68.4 68.6 68.8 69 69.2 69.4 69.6 69.8 70 70.2 70.4 70.6 70.8 71 71.2 71.4 71.6 71.8 72 72.2 72.4 72.6 72.8 73 73.1 73.2 73.3 73.4 73.5 73.6 73.7 73.8 73.9 74 74.1 74.2 74.3 74.4 74.5 74.6 74.7 74.8 74.9 75 75 75 75 75 75 75
#redmaple# 1 2 2.5 3 4 4.5 5 5.5 6 7 7.5 8 9 10 11 11.5 12 12.5 13 14 14.5 15 15.5 16 17 18 19 20 21 22 22.5 23 24 25 26 27 28 29 30 31 32 33 34 35 36 37 38 39 40 41 42 43 44 45 46 47 49 50 51 52 52.5 53 54 55.5 56 56.5 57 57.5 58 58.5 59 59.5 59.8 60 60 
#Blackcherry# 1 2 2.5 3 4 4.5 5 5.5 6 7 7.5 8 9 10 11 11.5 12 12.5 13 14 14.5 15 15.5 16 17 18 19 20 21 22 22.5 23 24 25 26 27 28 29 30 31 32 33 34 35 36 37 38 39 40 41 42 43 44 45 46 47 49 50 51 52 52.5 53 54 55.5 56 56.5 57 57.5 58 58.5 59 59.5 59.8 60 60 
#PseudoSpp# 1 1.5 2 2.5 3 3.4 3.8 4.2 5 6 6.5 7 8 9 10 10.5 11 11.5 12 13 13.5 14 14.5 15 16 17 18 19 20 21 21.5 22 23 24 25 26 27 28 29 30 31 32 33 33.5 34 34.5 35 35.5 36 37 37.5 38 38.5 39 40 40.5 41 41.5 42 42.5 43 43.5 44 44.5 45 45.5 46 46.5 47 47.5 48 48.5 49 49.5 50 50.4 50.8 51.2 51.6 52 52.4 52.8 53.2 53.6 54 54.4 54.8 55.2 55.6 56 56.4 56.8 57.2 57.6 58 58.4 58.8 59.2 59.6 60 
 
#Landtype11#
  #2 4 6 8 10 12 14 16 18 20 22 24 26 28 30 32 34 36 38 40 42 44 46 48 50 52 54 56 58 60 62 64 66 68 70 72 74 76 78 80 82 84 86 88 90 92 94 96 98 100 102 104 106 108 110 112 114 116 118 120 122 124 126 128 130 132 134 136 138 140 142 144 146 148 150 152 154 156 158 160 162 164 166 168 170 172 174 176 178 180 182 184 186 188 190 192 194 196 198 200 202 204 206 208 210 212 214 216 218 220 222 224 226 228 230 232 234 236 238 240 242 244 246 248 250 252 254 256 258 260 262 264 266 268 270 272 274 276 278 280 282 284 286 288 290 292 294 296 298 300#
#whiteoak# 1 2 2.5 3 4 4.5 5 6 7 8 8.5 9 10 11 12 12.5 13 14 15 16 16.5 17 18 19 20 21 22 23 24 25 26 27 28 29 30 31 32 33 34 35 36 37 38 39 40 41 42 43 44 45 46 47 48 49 50 50.5 51 51.5 52 52.5 53 53.5 54 54.5 55 55.5 56 56.5 57 57.5 58 58.5 59 59.5 60 60.5 61 61.5 62 62.3 62.6 62.9 63.2 63.5 63.8 64.1 64.4 64.7 65 65.3 65.6 65.9 66.2 66.5 66.8 67.1 67.4 67.7 68 68.2 68.4 68.6 68.8 69 69.2 69.4 69.6 69.8 70 70.2 70.4 70.6 70.8 71 71.2 71.4 71.6 71.8 72 72.2 72.4 72.6 72.8 73 73.1 73.2 73.3 73.4 73.5 73.6 73.7 73.8 73.9 74 74.1 74.2 74.3 74.4 74.5 74.6 74.7 74.8 74.9 75 75 75 75 75 75 75
#ShortPine# 1 2 2.5 3 4 4.5 5 5.5 6 7 7.5 8 9 10 11 11.5 12 12.5 13 14 14.5 15 15.5 16 17 18 19 20 21 22 22.5 23 24 25 26 26.5 27 27.5 28 29 30 31 32 33 34 35 36 37 38 39 40 41 42 43 44 44.5 45 45.5 46 46.5 47 47.5 48 49 50 50.5 51 51.5 52 53 53.5 54 54.5 55 56 56.5 57 57.5 58 59 59.5 60 60.5 61 61.5 62 62.5 63 63.5 64 64.5 65 65.5 66 66.5 67 67.5 68 68.5 70 
#Blackoak# 1 2 2.5 3 4 4.5 5 5.5 6 7 7.5 8 9 10 11 11.5 12 12.5 13 14 14.5 15 15.5 16 17 18 19 20 21 22 22.5 23 24 25 26 27 28 29 30 31 32 33 34 35 36 37 38 39 40 41 42 43 44 45 46 47 49 50 51 52 52.5 53 54 55.5 56 56.5 57 57.5 58 58.5 59 59.5 59.8 60 60 
#PostOak# 1 2 2.5 3 4 4.5 5 6 7 8 8.5 9 10 11 12 12.5 13 14 15 16 16.5 17 18 19 20 20.5 21 22 23 24 25 25.5 26 26.5 27 27.5 28 29 30 31 32 33 34 35 36 37 38 39 39.5 40 40.5 41 41.5 42 43 44 45 46 47 48 48.5 49 49.5 50 51 51.5 52 52.5 53 53.5 54 54.5 55 55.5 56 56.5 57 57.5 58 58.5 59 59.5 60 60.5 61 61.3 61.6 61.9 62.2 62.5 62.8 63.1 63.4 63.7 64 64.2 64.4 64.6 64.8 65 65.2 65.4 65.6 65.8 66 66.2 66.4 66.6 66.8 67 67.2 67.4 67.6 67.8 68 68.2 68.4 68.6 68.8 69 69.2 69.4 69.6 69.8 70 
#ScarletOak# 1 2 2.5 3 4 4.5 5 5.5 6 7 7.5 8 9 10 11 11.5 12 12.5 13 14 14.5 15 15.5 16 17 18 19 20 21 22 22.5 23 24 25 26 27 28 29 30 31 32 33 34 35 36 37 38 39 40 41 42 43 44 45 46 47 49 50 51 52 52.5 53 54 55.5 56 56.5 57 57.5 58 58.5 59 59.5 59.8 60 60 
#RedCedar# 1 2 2.5 3 4 5 6 7 8 9 9.5 10 11 12 13 13.5 14 15 16 17 18 19 20 21 22 23 24 25 26 27 28 29 30 31 31.5 32 33 34 35 36 36.5 37 37.5 38 38.5 39 39.5 40 40.5 41 41.5 42 42.5 43 43.5 44 44.5 45 45.3 45.6 45.9 46.2 46.5 46.8 47.1 47.4 47.7 48 48.3 48.6 48.9 49.2 49.5 49.8 50.1 50.4 50.7 51 51.3 51.6 51.8 52 52.2 52.4 52.6 52.8 53 53.2 53.4 53.6 53.8 54 54.2 54.4 54.6 54.8 55 55.2 55.4 55.6 55.8 56 56.2 56.4 56.6 56.8 57 57.2 57.4 57.6 57.8 58 58.2 58.4 58.6 58.8 59 59.2 59.4 59.6 59.8 60 60.2 60.4 60.6 60.8 61 61.2 61.4 61.6 61.8 62 62.2 62.4 62.6 62.8 63 63.2 63.4 63.6 63.8 64 64.2 64.4 64.6 64.7 64.8 64.9 65 65
#northernRO# 1 2 2.5 3 4 4.5 5 6 7 8 9 10 11 12 13 14 15 17 18 19 20 21 22 23 24 24.5 25 26 27 28 29 30 31 32 33 33.5 34 35 36 37 38 39 40 41 42 42.5 43 43.5 44 44.5 45 45.5 46 46.5 47 47.5 48 48.5 49 49.5 50 50.5 51 51.5 52 52.5 53 53.5 54 54.5 55 55.5 56 56.5 57 57.5 58 58.5 59 59.5 60 60.5 61 61.5 62 62.3 62.6 62.9 63.2 63.5 63.8 64.1 64.4 64.7 65 65 65 65 65 65 
#MockHick# 1 2 2.5 3 4 4.5 5 6 7 8 8.5 9 10 11 12 12.5 13 14 15 16 17 18 19 20 21 22 23 24 25 26 27 28 29 30 31 32 33 34 35 36 36.5 37 37.5 38 38.5 39 39.5 40 40.5 41 42 42.5 43 44 45 45.5 46 46.5 47 47.5 48 48.5 49 49.5 50 50.5 51 51.5 52 52.5 53 53.5 54 54.5 55 55.5 56 56.5 57 57.5 58 58.5 59 59.5 60 60.5 61 61.3 61.6 61.9 62.2 62.5 62.8 63.1 63.4 63.7 64 64.3 64.6 65 
#SugarMaple# 1 2 2.5 3 4 5 6 7 8 9 9.5 10 11 12 13 13.5 14 15 16 17 17.5 18 19 20 21 22 23 24 25 26 27 28 29 30 31 32 33 34 35 36 37 38 39 40 41 42 43 44 45 46 47 48 49 49.5 50 50.5 51 51.5 52 52.5 53 53.5 54 54.5 55 55.5 56 56.5 57 57.5 58 58.5 59 59.5 60 60.5 61 61.5 62 62.3 62.6 62.9 63.2 63.5 63.8 64.1 64.4 64.7 65 65.3 65.6 65.9 66.2 66.5 66.8 67.1 67.4 67.7 68 68.2 68.4 68.6 68.8 69 69.2 69.4 69.6 69.8 70 70.2 70.4 70.6 70.8 71 71.2 71.4 71.6 71.8 72 72.2 72.4 72.6 72.8 73 73.1 73.2 73.3 73.4 73.5 73.6 73.7 73.8 73.9 74 74.1 74.2 74.3 74.4 74.5 74.6 74.7 74.8 74.9 75 75 75 75 75 75 75
#redmaple# 1 2 2.5 3 4 4.5 5 5.5 6 7 7.5 8 9 10 11 11.5 12 12.5 13 14 14.5 15 15.5 16 17 18 19 20 21 22 22.5 23 24 25 26 27 28 29 30 31 32 33 34 35 36 37 38 39 40 41 42 43 44 45 46 47 49 50 51 52 52.5 53 54 55.5 56 56.5 57 57.5 58 58.5 59 59.5 59.8 60 60 
#Blackcherry# 1 2 2.5 3 4 4.5 5 5.5 6 7 7.5 8 9 10 11 11.5 12 12.5 13 14 14.5 15 15.5 16 17 18 19 20 21 22 22.5 23 24 25 26 27 28 29 30 31 32 33 34 35 36 37 38 39 40 41 42 43 44 45 46 47 49 50 51 52 52.5 53 54 55.5 56 56.5 57 57.5 58 58.5 59 59.5 59.8 60 60 
#PseudoSpp# 1 1.5 2 2.5 3 3.4 3.8 4.2 5 6 6.5 7 8 9 10 10.5 11 11.5 12 13 13.5 14 14.5 15 16 17 18 19 20 21 21.5 22 23 24 25 26 27 28 29 30 31 32 33 33.5 34 34.5 35 35.5 36 37 37.5 38 38.5 39 40 40.5 41 41.5 42 42.5 43 43.5 44 44.5 45 45.5 46 46.5 47 47.5 48 48.5 49 49.5 50 50.4 50.8 51.2 51.6 52 52.4 52.8 53.2 53.6 54 54.4 54.8 55.2 55.6 56 56.4 56.8 57.2 57.6 58 58.4 58.8 59.2 59.6 60 

#Landtype12#
  #2 4 6 8 10 12 14 16 18 20 22 24 26 28 30 32 34 36 38 40 42 44 46 48 50 52 54 56 58 60 62 64 66 68 70 72 74 76 78 80 82 84 86 88 90 92 94 96 98 100 102 104 106 108 110 112 114 116 118 120 122 124 126 128 130 132 134 136 138 140 142 144 146 148 150 152 154 156 158 160 162 164 166 168 170 172 174 176 178 180 182 184 186 188 190 192 194 196 198 200 202 204 206 208 210 212 214 216 218 220 222 224 226 228 230 232 234 236 238 240 242 244 246 248 250 252 254 256 258 260 262 264 266 268 270 272 274 276 278 280 282 284 286 288 290 292 294 296 298 300#
#whiteoak# 1 2 2.5 3 4 4.5 5 6 7 8 8.5 9 10 11 12 12.5 13 14 15 16 16.5 17 18 19 20 21 22 23 24 25 26 27 28 29 30 31 32 33 34 35 36 37 38 39 40 41 42 43 44 45 46 47 48 49 50 50.5 51 51.5 52 52.5 53 53.5 54 54.5 55 55.5 56 56.5 57 57.5 58 58.5 59 59.5 60 60.5 61 61.5 62 62.3 62.6 62.9 63.2 63.5 63.8 64.1 64.4 64.7 65 65.3 65.6 65.9 66.2 66.5 66.8 67.1 67.4 67.7 68 68.2 68.4 68.6 68.8 69 69.2 69.4 69.6 69.8 70 70.2 70.4 70.6 70.8 71 71.2 71.4 71.6 71.8 72 72.2 72.4 72.6 72.8 73 73.1 73.2 73.3 73.4 73.5 73.6 73.7 73.8 73.9 74 74.1 74.2 74.3 74.4 74.5 74.6 74.7 74.8 74.9 75 75 75 75 75 75 75
#ShortPine# 1 2 2.5 3 4 4.5 5 5.5 6 7 7.5 8 9 10 11 11.5 12 12.5 13 14 14.5 15 15.5 16 17 18 19 20 21 22 22.5 23 24 25 26 26.5 27 27.5 28 29 30 31 32 33 34 35 36 37 38 39 40 41 42 43 44 44.5 45 45.5 46 46.5 47 47.5 48 49 50 50.5 51 51.5 52 53 53.5 54 54.5 55 56 56.5 57 57.5 58 59 59.5 60 60.5 61 61.5 62 62.5 63 63.5 64 64.5 65 65.5 66 66.5 67 67.5 68 68.5 70 
#Blackoak# 1 2 2.5 3 4 4.5 5 5.5 6 7 7.5 8 9 10 11 11.5 12 12.5 13 14 14.5 15 15.5 16 17 18 19 20 21 22 22.5 23 24 25 26 27 28 29 30 31 32 33 34 35 36 37 38 39 40 41 42 43 44 45 46 47 49 50 51 52 52.5 53 54 55.5 56 56.5 57 57.5 58 58.5 59 59.5 59.8 60 60 
#PostOak# 1 2 2.5 3 4 4.5 5 6 7 8 8.5 9 10 11 12 12.5 13 14 15 16 16.5 17 18 19 20 20.5 21 22 23 24 25 25.5 26 26.5 27 27.5 28 29 30 31 32 33 34 35 36 37 38 39 39.5 40 40.5 41 41.5 42 43 44 45 46 47 48 48.5 49 49.5 50 51 51.5 52 52.5 53 53.5 54 54.5 55 55.5 56 56.5 57 57.5 58 58.5 59 59.5 60 60.5 61 61.3 61.6 61.9 62.2 62.5 62.8 63.1 63.4 63.7 64 64.2 64.4 64.6 64.8 65 65.2 65.4 65.6 65.8 66 66.2 66.4 66.6 66.8 67 67.2 67.4 67.6 67.8 68 68.2 68.4 68.6 68.8 69 69.2 69.4 69.6 69.8 70 
#ScarletOak# 1 2 2.5 3 4 4.5 5 5.5 6 7 7.5 8 9 10 11 11.5 12 12.5 13 14 14.5 15 15.5 16 17 18 19 20 21 22 22.5 23 24 25 26 27 28 29 30 31 32 33 34 35 36 37 38 39 40 41 42 43 44 45 46 47 49 50 51 52 52.5 53 54 55.5 56 56.5 57 57.5 58 58.5 59 59.5 59.8 60 60 
#RedCedar# 1 2 2.5 3 4 5 6 7 8 9 9.5 10 11 12 13 13.5 14 15 16 17 18 19 20 21 22 23 24 25 26 27 28 29 30 31 31.5 32 33 34 35 36 36.5 37 37.5 38 38.5 39 39.5 40 40.5 41 41.5 42 42.5 43 43.5 44 44.5 45 45.3 45.6 45.9 46.2 46.5 46.8 47.1 47.4 47.7 48 48.3 48.6 48.9 49.2 49.5 49.8 50.1 50.4 50.7 51 51.3 51.6 51.8 52 52.2 52.4 52.6 52.8 53 53.2 53.4 53.6 53.8 54 54.2 54.4 54.6 54.8 55 55.2 55.4 55.6 55.8 56 56.2 56.4 56.6 56.8 57 57.2 57.4 57.6 57.8 58 58.2 58.4 58.6 58.8 59 59.2 59.4 59.6 59.8 60 60.2 60.4 60.6 60.8 61 61.2 61.4 61.6 61.8 62 62.2 62.4 62.6 62.8 63 63.2 63.4 63.6 63.8 64 64.2 64.4 64.6 64.7 64.8 64.9 65 65
#northernRO# 1 2 2.5 3 4 4.5 5 6 7 8 9 10 11 12 13 14 15 17 18 19 20 21 22 23 24 24.5 25 26 27 28 29 30 31 32 33 33.5 34 35 36 37 38 39 40 41 42 42.5 43 43.5 44 44.5 45 45.5 46 46.5 47 47.5 48 48.5 49 49.5 50 50.5 51 51.5 52 52.5 53 53.5 54 54.5 55 55.5 56 56.5 57 57.5 58 58.5 59 59.5 60 60.5 61 61.5 62 62.3 62.6 62.9 63.2 63.5 63.8 64.1 64.4 64.7 65 65 65 65 65 65 
#MockHick# 1 2 2.5 3 4 4.5 5 6 7 8 8.5 9 10 11 12 12.5 13 14 15 16 17 18 19 20 21 22 23 24 25 26 27 28 29 30 31 32 33 34 35 36 36.5 37 37.5 38 38.5 39 39.5 40 40.5 41 42 42.5 43 44 45 45.5 46 46.5 47 47.5 48 48.5 49 49.5 50 50.5 51 51.5 52 52.5 53 53.5 54 54.5 55 55.5 56 56.5 57 57.5 58 58.5 59 59.5 60 60.5 61 61.3 61.6 61.9 62.2 62.5 62.8 63.1 63.4 63.7 64 64.3 64.6 65 
#SugarMaple# 1 2 2.5 3 4 5 6 7 8 9 9.5 10 11 12 13 13.5 14 15 16 17 17.5 18 19 20 21 22 23 24 25 26 27 28 29 30 31 32 33 34 35 36 37 38 39 40 41 42 43 44 45 46 47 48 49 49.5 50 50.5 51 51.5 52 52.5 53 53.5 54 54.5 55 55.5 56 56.5 57 57.5 58 58.5 59 59.5 60 60.5 61 61.5 62 62.3 62.6 62.9 63.2 63.5 63.8 64.1 64.4 64.7 65 65.3 65.6 65.9 66.2 66.5 66.8 67.1 67.4 67.7 68 68.2 68.4 68.6 68.8 69 69.2 69.4 69.6 69.8 70 70.2 70.4 70.6 70.8 71 71.2 71.4 71.6 71.8 72 72.2 72.4 72.6 72.8 73 73.1 73.2 73.3 73.4 73.5 73.6 73.7 73.8 73.9 74 74.1 74.2 74.3 74.4 74.5 74.6 74.7 74.8 74.9 75 75 75 75 75 75 75
#redmaple# 1 2 2.5 3 4 4.5 5 5.5 6 7 7.5 8 9 10 11 11.5 12 12.5 13 14 14.5 15 15.5 16 17 18 19 20 21 22 22.5 23 24 25 26 27 28 29 30 31 32 33 34 35 36 37 38 39 40 41 42 43 44 45 46 47 49 50 51 52 52.5 53 54 55.5 56 56.5 57 57.5 58 58.5 59 59.5 59.8 60 60 
#Blackcherry# 1 2 2.5 3 4 4.5 5 5.5 6 7 7.5 8 9 10 11 11.5 12 12.5 13 14 14.5 15 15.5 16 17 18 19 20 21 22 22.5 23 24 25 26 27 28 29 30 31 32 33 34 35 36 37 38 39 40 41 42 43 44 45 46 47 49 50 51 52 52.5 53 54 55.5 56 56.5 57 57.5 58 58.5 59 59.5 59.8 60 60 
#PseudoSpp# 1 1.5 2 2.5 3 3.4 3.8 4.2 5 6 6.5 7 8 9 10 10.5 11 11.5 12 13 13.5 14 14.5 15 16 17 18 19 20 21 21.5 22 23 24 25 26 27 28 29 30 31 32 33 33.5 34 34.5 35 35.5 36 37 37.5 38 38.5 39 40 40.5 41 41.5 42 42.5 43 43.5 44 44.5 45 45.5 46 46.5 47 47.5 48 48.5 49 49.5 50 50.4 50.8 51.2 51.6 52 52.4 52.8 53.2 53.6 54 54.4 54.8 55.2 55.6 56 56.4 56.8 57.2 57.6 58 58.4 58.8 59.2 59.6 60 
 
 
